misc/nupdates,misc/total_timesteps,fps,eprewmean,loss/policy_entropy,loss/policy_loss,loss/value_loss
20,10080,142,-18.95149789,1.419123351573944,-0.00023955907672643662,44.970718955993654
40,19680,142,-19.199035719999998,1.418630850315094,-0.00016359034925699233,25.136368179321288
60,29280,142,-19.24567628,1.418196189403534,0.001663265866227448,13.955346488952637
80,38880,141,-17.77504524,1.4180718779563903,-0.0029900047928094866,13.11853904724121
100,48480,142,-16.18252323,1.4174564957618714,-0.0007183866575360299,9.375535821914672
120,58080,141,-15.82542474,1.4173359394073486,-0.0036593470722436905,4.843920588493347
140,67680,141,-14.659245890000001,1.4172606468200684,-0.00011986866593360901,3.432389521598816
160,77280,141,-15.605580499999997,1.4167007803916931,-0.0007470790296792984,4.2382579267025
180,86880,139,-14.44994743,1.4165452241897583,-0.0010906800627708435,1.9078950941562653
200,96480,141,-14.005836450000002,1.4159790635108949,-0.0007628953084349632,7.308513450622558
220,106080,140,-12.80864628,1.4159372091293334,-0.002176256291568279,11.635050106048585
240,115680,141,-12.585435489999998,1.4153356432914734,-0.0021553299389779567,4.468937849998474
260,125280,141,-11.969789139999998,1.4150442719459533,-0.0054537678137421605,2.7763488054275514
280,134880,141,-12.951630839999996,1.4137370109558105,-0.004049723036587238,6.270034885406494
300,144480,141,-11.44639333,1.4129294395446776,-0.001763443648815155,3.2964255303144454
320,154080,142,-11.140568570000001,1.4127087950706483,-0.002629737593815662,4.892617583274841
340,163680,142,-12.65257053,1.4123283863067626,0.011154940724372864,8.002902662754058
360,173280,143,-12.50793918,1.413018774986267,-0.0015220306813716888,2.8323670864105224
380,182880,143,-9.258486669999998,1.4122892618179321,0.006836523720994592,12.671672809123994
400,192480,143,-13.581673809999998,1.4119564652442933,0.002538790926337242,9.95703673362732
420,202080,143,-12.31558114,1.41173357963562,-0.0025320995831862093,9.98954609632492
440,211680,143,-12.79694859,1.4116394639015197,-0.003572666086256504,13.042514228820801
460,221280,143,-12.125490430000003,1.4109173178672791,0.0051775328814983364,9.118472266197205
480,230880,143,-13.638658809999999,1.4103763580322266,-0.00579148605465889,5.731932210922241
500,240480,143,-11.736325360000002,1.4093475103378297,0.0003430414944887161,16.99055681228638
520,250080,142,-12.904999900000002,1.4082801580429076,0.0004836315289139748,3.5555230379104614
540,259680,143,-14.49929117,1.407999587059021,-0.005119201948400587,4.968356144428253
560,269280,143,-14.06129338,1.4068509340286255,-0.0038687397725880148,5.523768949508667
580,278880,143,-15.572240829999998,1.4063145995140076,-0.005267409235239029,2.6010329484939576
600,288480,143,-13.028872549999999,1.405263316631317,-0.0031176559627056123,5.58232215642929
620,298080,143,-13.318894379999996,1.405137050151825,0.0005688157863914967,2.6781744360923767
640,307680,143,-12.539725129999999,1.405163872241974,0.004191338643431663,8.188868808746339
660,317280,143,-12.325387229999999,1.4047881007194518,-0.003796001709997654,2.1828179597854613
680,326880,143,-13.962950440000002,1.4037208080291748,-0.0019364646170288325,8.403658604621887
700,336480,143,-12.197547359999998,1.402768337726593,-0.0019498419016599656,2.83212496638298
720,346080,143,-14.34552411,1.4022372126579286,-0.0037836551666259764,2.657670187950134
740,355680,143,-13.10005966,1.4019912838935853,-0.0033718605911417397,6.862163305282593
760,365280,143,-12.59304707,1.4013697981834412,-0.0022004418075084685,3.8732346057891847
780,374880,143,-12.44524177,1.4006723761558533,0.0005149323493242264,15.58950171470642
800,384480,143,-15.97995355,1.3999784946441651,-0.002628517150878906,9.089760398864746
820,394080,143,-11.452445130000001,1.3989997863769532,-0.0012022776529192925,9.76492919921875
840,403680,143,-13.389860200000001,1.3999485611915587,-0.0027570566162467003,9.704501342773437
860,413280,143,-13.418555840000002,1.3986765027046204,-0.0013094231486320495,4.045278796553612
880,422880,143,-12.17692457,1.3984174728393555,-0.0024783894419670104,6.044040793180466
900,432480,143,-11.643043270000003,1.3984965324401855,-0.001811562786497234,9.449436140060424
920,442080,143,-12.807495660000003,1.3992302656173705,-0.0024537913501262664,8.79284064769745
940,451680,143,-9.95355053,1.3991629600524902,0.002529064565896988,7.523485207557679
960,461280,143,-14.541071729999999,1.398271119594574,-0.0022051896899938583,5.825434279441834
980,470880,143,-13.82046693,1.3975738525390624,0.00287950336933136,6.5787669777870175
1000,480480,143,-15.00093653,1.397885525226593,-0.0035644702613353728,5.932997876405716
1020,490080,143,-13.69276883,1.397181260585785,-0.0022803407162427904,7.2423262119293215
1040,499680,143,-11.580775699999997,1.3969053983688355,-0.0010218556970357894,15.31859393119812
1060,509280,143,-14.111472620000002,1.3961959600448608,0.0010482138022780418,3.435424530506134
1080,518880,142,-14.81391751,1.3960254549980164,-0.0022602919023483993,4.7857835531234745
1100,528480,143,-9.971601530000001,1.395277166366577,0.005155309289693833,3.168323981761932
1120,538080,143,-12.115070610000002,1.3947006464004517,0.0011267003952525555,15.227175617218018
1140,547680,143,-13.376632500000003,1.3942596435546875,-0.004993581492453813,2.183613508939743
1160,557280,143,-13.037693919999997,1.3935927629470826,-0.001213035173714161,7.0482182741165165
1180,566880,143,-9.616348310000001,1.3924951434135437,0.0009884181432425975,5.797801518440247
1200,576480,143,-13.749687960000001,1.3929259061813355,0.00313708558678627,7.6671701788902284
1220,586080,143,-11.944226839999999,1.3923198580741882,-0.0033473409712314606,4.832312059402466
1240,595680,142,-12.017746479999998,1.3920185565948486,-0.0024046286940574645,4.567100775241852
1260,605280,142,-12.853317479999998,1.3908100843429565,-0.0009921796852722764,3.4713722616434097
1280,614880,142,-13.05486883,1.3894366383552552,-0.0033785253763198853,5.737750720977783
1300,624480,142,-12.51324523,1.3900740146636963,-0.0008328332798555494,1.5376214534044266
1320,634080,142,-13.043327940000005,1.3897436141967774,-0.007740763202309609,6.737725162506104
1340,643680,142,-11.382724369999998,1.3896299123764038,0.0008551891893148422,8.17767580151558
1360,653280,142,-9.804726010000001,1.3906709671020507,-0.00031067929230630396,6.667474222183228
1380,662880,142,-8.24050077,1.3916614174842834,-0.0026592954993247984,3.2388084888458253
1400,672480,142,-12.423011029999998,1.391921293735504,0.0004595234990119934,7.0408105731010435
1420,682080,142,-15.371278529999998,1.3909539699554443,0.004612819477915764,6.931409335136413
1440,691680,142,-13.047251479999998,1.3913293957710267,-0.005169515963643789,4.551517879962921
1460,701280,143,-11.366063690000002,1.3914960503578186,-0.004375142557546496,3.3654208421707152
1480,710880,143,-13.941273069999998,1.3920188069343566,-0.010137680638581514,7.2683350324630736
1500,720480,143,-14.369823519999997,1.3924240946769715,-0.0008968275040388107,7.313376402854919
1520,730080,143,-15.043810310000001,1.3930005192756654,-0.00045449906028807165,17.439926147460938
1540,739680,143,-15.476465979999999,1.3932350516319274,-0.0007346466183662415,14.975983238220214
1560,749280,143,-10.75379367,1.3933740854263306,0.014492666907608509,9.770615339279175
1580,758880,143,-12.915283859999999,1.3929879546165467,-0.00030908659100532533,1.9571309566497803
1600,768480,143,-11.220214039999998,1.3914205193519593,-0.0012194881215691566,17.507526874542236
1620,778080,143,-10.56057791,1.3914390444755553,-0.0007323666708543896,12.139682292938232
1640,787680,142,-9.95316947,1.3919317483901978,0.003566398099064827,7.739254200458527
1660,797280,142,-12.371169259999999,1.3919564604759216,-0.0018050402402877807,3.9888064324855805
1680,806880,143,-11.53946753,1.3916898488998413,0.006542783975601196,1.161981499195099
1700,816480,143,-12.802952700000002,1.3918752431869508,0.0036147430539131163,11.759248638153077
1720,826080,143,-12.697568009999998,1.3916954398155212,0.0008870812132954597,3.5553015232086183
1740,835680,142,-11.302564770000002,1.3923948764801026,-0.0070230036973953245,6.124802875518799
1760,845280,142,-12.40132615,1.3918846011161805,0.005558674782514572,6.430826735496521
1780,854880,142,-12.186257280000001,1.3923213243484498,-0.001437874510884285,8.748504251241684
1800,864480,142,-12.010566670000001,1.391228485107422,-0.005710674240253866,6.555368900299072
1820,874080,142,-11.55161298,1.3919596672058105,-0.003816920891404152,2.689228582382202
1840,883680,142,-9.648291060000002,1.3916808009147643,0.009296254301443697,6.129953455924988
1860,893280,143,-10.366350689999999,1.3921962976455688,-0.0028026919811964036,11.259245467185973
1880,902880,142,-10.46346651,1.392430067062378,-0.0011706564575433732,4.886465430259705
1900,912480,142,-12.982132410000002,1.3924493432044982,0.001391191314905882,4.178024995326996
1920,922080,143,-12.908872890000003,1.3932874083518982,-0.0038147598505020143,4.733608746528626
1940,931680,143,-10.655974969999995,1.3946782231330872,-0.0041726129595190285,6.227566123008728
1960,941280,143,-12.462605580000002,1.393830120563507,-0.0018842749297618866,23.679382705688475
1980,950880,142,-10.58876397,1.3929738044738769,3.354400396347046e-05,6.216111552715302
2000,960480,142,-10.756135870000001,1.3914018869400024,-0.0038240391761064528,5.807565271854401
2020,970080,142,-12.580192480000001,1.3907517790794373,0.010723847895860672,12.003332114219665
2040,979680,142,-11.948124939999998,1.3900156497955323,5.011954344809055e-05,7.360900637507439
2060,989280,142,-12.216844060000001,1.39142005443573,-6.65724277496338e-05,8.488019442558288
2080,998880,142,-12.525117430000002,1.3914517402648925,-0.0024449490010738373,2.8037787199020388
2100,1008480,142,-11.26655829,1.3908219695091248,-0.004162458330392837,2.2717277735471724
2120,1018080,142,-13.0225929,1.390288281440735,-0.001269727200269699,8.122694575786591
2140,1027680,142,-9.8573405,1.3886578917503356,0.000301249697804451,6.438840186595916
2160,1037280,142,-11.74619579,1.3886544346809386,0.001828746497631073,1.5254690587520598
2180,1046880,142,-11.242890189999999,1.3881905913352965,0.003734227828681469,14.341997861862183
2200,1056480,142,-10.915769319999999,1.3879907369613647,-0.0008205052465200425,20.52304873466492
2220,1066080,142,-10.718729280000002,1.388249897956848,0.007396820932626724,18.247254538536072
2240,1075680,142,-11.22408469,1.3892359733581543,-0.0010146953165531159,4.189300441741944
2260,1085280,142,-13.88457426,1.3885475635528564,-0.002499688044190407,2.605266296863556
2280,1094880,142,-12.97954045,1.3893572807312011,0.0115278959274292,12.968997448682785
2300,1104480,142,-10.313717580000002,1.3888715028762817,-0.0028206221759319305,3.4038809716701506
2320,1114080,143,-10.572139380000001,1.3890698075294494,-0.004711057059466839,11.95065380334854
2340,1123680,142,-14.511434239999998,1.3880385041236878,-0.005744245648384094,9.81040871143341
2360,1133280,142,-12.232833560000001,1.3877737283706666,-0.007903437316417693,1.2727006733417512
2380,1142880,142,-8.851681,1.3872130274772645,0.002833655849099159,18.87028362751007
2400,1152480,142,-9.68184061,1.3874444007873534,0.0011081555858254433,6.125948131084442
2420,1162080,142,-11.483340480000003,1.38575519323349,-7.211687043309211e-05,7.301380944252014
2440,1171680,142,-9.394171199999999,1.386059296131134,0.0043920012190938,5.257633864879608
2460,1181280,142,-10.6505764,1.3863905429840089,-0.003216864378191531,6.8466814994812015
2480,1190880,142,-10.725529579999998,1.38531254529953,-0.0045962266623973845,7.379887257516384
2500,1200480,142,-11.182006699999997,1.3859049916267394,-0.003049008920788765,9.084493839740754
2520,1210080,142,-7.964535090000001,1.3848418712615966,-0.0011610405519604683,3.5780374109745026
2540,1219680,142,-11.248955930000001,1.3851775765419005,-0.0067964823916554454,0.8310511119663715
2560,1229280,142,-10.037624600000001,1.3851643323898315,-0.00709267002530396,9.448882070183753
2580,1238880,142,-12.268329719999999,1.3856583118438721,-0.001598379760980606,4.165182802081108
2600,1248480,142,-8.72164436,1.385205328464508,-0.0022657454013824464,0.3653080567717552
2620,1258080,142,-10.62130659,1.3841301798820496,-0.0015091072767972947,10.050320076942445
2640,1267680,142,-10.40666102,1.3841256618499755,-0.0013876315206289291,11.231173419952393
2660,1277280,142,-12.19155475,1.3831915020942689,0.0010909203439950943,9.631858587265015
2680,1286880,142,-10.571264100000002,1.3830110669136046,-0.0033059932291507723,6.903114748001099
2700,1296480,142,-11.91764471,1.3835623502731322,-0.006880668736994266,0.7385928094387054
2720,1306080,142,-11.299317779999999,1.3841741800308227,0.00038849338889122007,10.962705218791962
2740,1315680,142,-10.604161750000003,1.3849822402000427,-0.0021521222777664663,2.929737912118435
2760,1325280,142,-9.7460293,1.3837626457214356,0.002617224305868149,5.2861688256263735
2780,1334880,142,-12.309544650000003,1.3838701605796815,-0.000494830310344696,1.7641022086143494
2800,1344480,142,-9.76872565,1.3833801984786986,-0.005706244707107544,5.133034402132035
2820,1354080,142,-11.60371148,1.384117329120636,0.00043975189328193665,5.68113141655922
2840,1363680,142,-10.057596160000001,1.3847581028938294,-0.0016673222184181214,2.19522168636322
2860,1373280,142,-11.53365858,1.3839823961257935,-0.0005347557365894317,2.5782216131687163
2880,1382880,142,-8.78437585,1.3829653143882752,0.0035897480323910714,7.1352251172065735
2900,1392480,142,-7.0982321599999985,1.3822367548942567,-0.0052532611414790155,4.07012606561184
2920,1402080,142,-9.357008819999999,1.381420373916626,-0.0021196110887103715,2.699484634399414
2940,1411680,142,-9.086017739999999,1.3794442892074585,-0.00426667407155037,4.7435003653168675
2960,1421280,142,-9.3831488,1.3793769598007202,-0.004080942831933498,0.6382606536149978
2980,1430880,142,-10.45651934,1.3799665689468383,0.002076473506167531,2.5826501160860063
3000,1440480,142,-9.23441148,1.3795261621475219,0.0021417979151010513,3.6134952306747437
3020,1450080,142,-9.808506540000002,1.3794719457626343,-0.004033053666353226,5.788807809352875
3040,1459680,142,-10.07187555,1.378505289554596,0.0009103404358029365,13.842522323131561
3060,1469280,142,-8.64516361,1.3781049728393555,-0.008594092354178429,3.484255623817444
3080,1478880,142,-10.11043334,1.377523624897003,0.0020393066108226774,8.717392706871033
3100,1488480,142,-10.878675809999999,1.3775571942329408,-0.0008890796452760696,3.4442000150680543
3120,1498080,142,-12.366466370000001,1.3776527166366577,-0.005683578457683325,11.267999374866486
3140,1507680,142,-9.98413864,1.3773662805557252,0.01128135472536087,12.017576026916505
3160,1517280,142,-10.42027118,1.3786814093589783,0.004221864230930805,12.316374492645263
3180,1526880,142,-8.966971160000002,1.3792601108551026,-0.00499873049557209,3.881267586350441
3200,1536480,142,-9.58330855,1.3782206296920776,-0.009797317697666586,9.336508244276047
3220,1546080,142,-11.476949979999997,1.3790700435638428,0.0012642012909054757,5.279369580745697
3240,1555680,142,-8.497952539999998,1.3787364721298219,-0.005956842750310898,1.3529854349792003
3260,1565280,142,-12.023398920000002,1.3784330844879151,0.0025814607739448546,7.193576920032501
3280,1574880,142,-10.053443970000002,1.3773671746253968,-0.0034559637308120726,1.9950812108814717
3300,1584480,142,-8.03765044,1.376932144165039,0.010154227167367936,9.537570950388908
3320,1594080,142,-10.62956173,1.3763954639434814,-0.000733606843277812,3.0418611973524095
3340,1603680,142,-8.80542608,1.3772682309150697,0.00388836357742548,14.33878276348114
3360,1613280,142,-7.933881590000001,1.3777644872665404,-0.003652496449649334,1.654498067498207
3380,1622880,142,-9.15774472,1.377103590965271,-0.0004136916249990463,6.052124786376953
3400,1632480,142,-5.057074339999999,1.376046073436737,-0.007590465620160103,9.188451766967773
3420,1642080,142,-8.14876404,1.3776918411254884,-0.0072380059864372015,0.698677322268486
3440,1651680,142,-9.274981920000002,1.3778273105621337,-0.005670667812228203,9.110432329773904
3460,1661280,142,-7.6700465599999985,1.3773847341537475,0.00011690501123666764,5.77262692451477
3480,1670880,142,-8.940198670000001,1.3774790167808533,-0.002395208925008774,6.859601020812988
3500,1680480,142,-10.919640540000003,1.3785829663276672,-0.0001404412090778351,4.019339072704315
3520,1690080,142,-8.20113424,1.3783066987991333,0.014731821371242404,6.183222338557243
3540,1699680,142,-7.82720301,1.3776262283325196,-0.0031831759959459307,1.9601044684648514
3560,1709280,142,-6.4439001199999995,1.375956165790558,0.00010790959931910038,9.22364925146103
3580,1718880,142,-8.982780020000002,1.3758485436439514,0.003607553616166115,6.636862951517105
3600,1728480,142,-9.01123644,1.3751179218292235,0.002744574239477515,2.898984485864639
3620,1738080,142,-5.85644823,1.3745299339294434,-0.006679443642497063,3.081724090874195
3640,1747680,142,-6.500868389999999,1.3743832945823669,-0.0015735093504190445,1.4413374960422516
3660,1757280,142,-6.886076450000001,1.3745166659355164,-0.004669856280088425,9.101932220906019
3680,1766880,142,-10.090915299999999,1.3735902547836303,-0.005642715096473694,3.8686282873153686
3700,1776480,142,-5.4809582,1.372498083114624,-0.005388154229149222,7.127871030569077
3720,1786080,142,-9.156474379999999,1.3710947990417481,-0.0014900073409080505,8.67635797560215
3740,1795680,142,-7.445463299999999,1.370991849899292,0.010768246278166771,7.280170321464539
3760,1805280,142,-10.784281210000001,1.370970857143402,-0.0009535849094390869,7.211005544662475
3780,1814880,142,-7.936913759999999,1.3711495280265809,0.006023909151554108,2.3286884739995
3800,1824480,142,-6.577296669999999,1.3718039751052857,-0.003573046624660492,2.9466551005840302
3820,1834080,142,-8.8583908,1.3710030674934388,0.005116707086563111,15.75386197566986
3840,1843680,142,-6.447431710000001,1.3702935695648193,0.0007558465003967285,16.314411652088165
3860,1853280,142,-9.330113339999999,1.3692639350891114,-0.0018371190875768662,5.331699526309967
3880,1862880,142,-6.828461800000002,1.3689457416534423,-0.005419488996267319,8.500353026390076
3900,1872480,142,-9.02101599,1.3699099659919738,-0.00021898522973060608,9.978379820287227
3920,1882080,142,-10.49421888,1.3701220750808716,0.01227732002735138,14.860752129554749
3940,1891680,142,-8.163612469999999,1.369386374950409,0.0019423000514507294,7.7831970930099486
3960,1901280,142,-10.498798140000002,1.36988685131073,-0.0031244251877069473,11.602386730909348
3980,1910880,142,-9.21872608,1.3696151494979858,-0.006497063860297203,4.619802075624466
4000,1920480,142,-8.21554475,1.3690149545669557,-0.005036117509007454,8.763826489448547
4020,1930080,142,-8.25843625,1.3682974100112915,-0.003057369589805603,4.264961385726929
4040,1939680,142,-10.211969169999998,1.368095088005066,0.0005546241998672485,8.598251035809517
4060,1949280,142,-9.217186869999999,1.3673517107963562,-0.0028729744255542753,8.006458032131196
4080,1958880,142,-10.04847161,1.367080295085907,-0.008913414925336838,13.453770890831947
4100,1968480,142,-4.95650039,1.3665903449058532,-0.009427471924573183,8.672419506311417
4120,1978080,142,-11.362483939999999,1.3667304992675782,0.0018459958955645561,14.16104826927185
4140,1987680,142,-7.07979076,1.3661755084991456,-0.007546992041170597,15.374886107444762
4160,1997280,142,-10.234858630000002,1.365544319152832,0.004066015034914017,13.062476634979248
4180,2006880,142,-7.629133269999999,1.3664394617080688,-0.003653177060186863,2.961861842870712
4200,2016480,142,-9.99855068,1.3665246844291687,-0.002164669707417488,22.94821424484253
4220,2026080,142,-5.9281198900000005,1.3653995990753174,-0.0017919845879077912,8.673591589927673
4240,2035680,142,-9.12973254,1.3641760110855103,-0.008692066557705403,4.407915911078453
4260,2045280,142,-6.078730550000001,1.362733793258667,0.0010361265391111373,2.6586219489574434
4280,2054880,142,-5.39247155,1.3621434330940247,-0.004896985366940498,2.0949678897857664
4300,2064480,142,-6.41262209,1.3621941447257995,0.0022698841989040376,4.702857494354248
4320,2074080,142,-7.056861710000001,1.3605682134628296,0.002796676382422447,6.483024597167969
4340,2083680,142,-6.18589834,1.3605725526809693,-0.002119598537683487,1.011098575592041
4360,2093280,142,-8.11751815,1.359561312198639,0.0010610275901854038,5.482163000106811
4380,2102880,142,-5.28042003,1.3581925630569458,0.0006768301129341126,1.8309726029634477
4400,2112480,142,-5.259703429999999,1.3566737055778504,-0.00309200631454587,14.952516889572143
4420,2122080,142,-9.89858731,1.3567436456680297,0.0002701330929994583,15.096882152557374
4440,2131680,142,-6.061329990000001,1.3547904253005982,-0.007350655645132065,1.7448570758104325
4460,2141280,142,-4.33743186,1.3533745050430297,-0.0027633862104266883,7.073779821395874
4480,2150880,142,-5.1043278,1.3522280693054198,-0.0030852187424898147,0.9999590039253234
4500,2160480,142,-7.893523479999999,1.3508261084556579,-0.0016521713696420193,7.190335059165955
4520,2170080,142,-8.34944208,1.3500482201576234,-0.0014860781840980053,6.373034262657166
4540,2179680,142,-7.3411158200000015,1.3494024276733398,0.003718244656920433,5.470296815037727
4560,2189280,142,-7.2411983,1.3493905425071717,-0.003827627468854189,9.550371074676514
4580,2198880,142,-4.352575430000001,1.3489027261734008,-0.004326745867729187,2.392906254529953
4600,2208480,142,-5.8291093499999995,1.3496959209442139,-0.0001301984768360853,1.5188032552599906
4620,2218080,142,-8.770311340000001,1.3497838973999023,-0.008380993455648422,1.770092350244522
4640,2227680,142,-5.211994599999998,1.3484339594841004,-0.0009187020361423493,1.1302167072892189
4660,2237280,142,-6.2057952499999995,1.3479197025299072,-0.002762462943792343,4.073265434801579
4680,2246880,142,-6.982210749999998,1.34737948179245,-0.0004850149154663086,3.9583892107009886
4700,2256480,142,-6.66438451,1.3474058508872986,-0.006119636306539178,1.212053397297859
4720,2266080,142,-1.3239242900000001,1.348149061203003,-0.003365315147675574,2.2263391315937042
4740,2275680,142,-4.24109323,1.3475114107131958,0.0072910508140921594,4.590994787216187
4760,2285280,142,-6.095440669999999,1.3471058130264282,-0.00782376602292061,7.16146449893713
4780,2294880,142,-3.89314863,1.346515154838562,-0.0029116163961589335,4.094000518321991
4800,2304480,142,-3.5470252599999994,1.3450830459594727,-0.011858569830656052,5.4574520826339725
4820,2314080,142,1.2527929999999998,1.3448413372039796,-0.0021270016703056173,5.667593193054199
4840,2323680,142,-3.77414631,1.3443006515502929,-0.0021599657833576203,10.274626058340072
4860,2333280,142,-5.90514358,1.3426627397537232,0.008023280650377274,1.0932643413543701
4880,2342880,142,-5.25154046,1.3437074184417725,-0.0027849271660670637,11.459369564056397
4900,2352480,142,-5.779430189999999,1.3424388408660888,-0.003625416592694819,3.593379092216492
4920,2362080,142,-5.115325210000001,1.342217242717743,-0.0013832204975187778,4.546590530872345
4940,2371680,142,-5.43442173,1.3413329482078553,0.002087228000164032,5.0683933943510056
4960,2381280,142,-5.2811258500000005,1.342336618900299,-0.015305189043283462,5.094815903902054
4980,2390880,142,-2.03350215,1.34187194108963,-0.000494394451379776,6.552671766281128
5000,2400480,142,-6.187857360000001,1.3425612807273866,-0.0019022778142243624,7.390358193218708
5020,2410080,142,-2.4090337699999997,1.3420574188232421,-0.002052314579486847,5.969050559401512
5040,2419680,142,-0.3631553300000001,1.3416048407554626,-0.0015369273722171783,4.607289063930511
5060,2429280,142,-5.418469529999999,1.3409947037696839,0.004900720342993737,28.271827030181885
5080,2438880,142,-5.1028758299999994,1.3412569642066956,0.0070155645487830045,7.406619697809219
5100,2448480,142,-8.44966265,1.3407462120056153,-0.0017525339499115944,24.02013740539551
5120,2458080,142,-6.350980149999999,1.3409810543060303,0.016803012043237687,15.185873985290527
5140,2467680,142,-5.307905250000001,1.340529775619507,-0.008815029449760915,1.3561580061912537
5160,2477280,142,-6.983438259999999,1.3396456360816955,0.00019553452730178834,7.064221622049809
5180,2486880,142,-2.6854204700000004,1.3391892313957214,0.003789234906435013,4.139787197113037
5200,2496480,142,-5.95724336,1.339776074886322,-0.0019814498722553254,10.350612261891365
5220,2506080,142,-3.3505203699999995,1.3390025734901427,-0.0017451681196689606,4.559064823389053
5240,2515680,142,-7.181871659999998,1.3376909375190735,-0.0032089309766888618,7.32529616355896
5260,2525280,142,-3.8459538799999997,1.3385714411735534,0.0003886032849550247,3.600590693950653
5280,2534880,142,-5.84126042,1.338859760761261,-0.006972162425518036,3.1258664637804032
5300,2544480,142,-3.5586912799999997,1.336824655532837,-0.010394890606403352,0.42373439371585847
5320,2554080,142,-8.43208309,1.3360581159591676,0.003233987092971802,4.769151693582534
5340,2563680,142,-6.141488399999999,1.3365177392959595,0.003733984846621752,11.970120096206665
5360,2573280,142,-3.4759474999999997,1.3360305309295655,-0.0012751489877700806,3.8869680799543858
5380,2582880,142,-4.464161229999999,1.334920620918274,-0.0011842075735330581,5.533292305469513
5400,2592480,142,-6.81663381,1.3338364243507386,0.013006588444113731,17.741041660308838
5420,2602080,142,-5.23241576,1.3328858494758606,0.0060978799127042295,17.915150213241578
5440,2611680,142,-5.681075049999999,1.3325128316879273,-0.00030186530202627184,2.6332229010760786
5460,2621280,142,-4.3595448800000005,1.3321600317955018,-0.004742906242609024,0.9204015776515007
5480,2630880,142,-3.6714770399999996,1.3320568680763245,0.006430622236803174,4.187305524945259
5500,2640480,142,-5.986837089999999,1.3315201282501221,0.0013208940625190734,5.334524762630463
5520,2650080,142,-3.6703266899999996,1.3306348323822021,-0.009937444515526295,6.4004241049289705
5540,2659680,142,-6.747670790000001,1.3296639323234558,-0.004267021175473928,2.9019811511039735
5560,2669280,142,-4.47157329,1.3292662501335144,-0.003638303279876709,5.851512050628662
5580,2678880,142,-4.016137779999999,1.3293521642684936,-0.0023414433002471925,4.380578637123108
5600,2688480,142,-1.4433804400000003,1.3285651326179504,0.0021048665046691896,13.896660614013673
5620,2698080,142,-2.5113582500000002,1.328880286216736,0.00018746480345726012,8.73221731185913
5640,2707680,142,0.12003423000000008,1.3287956237792968,-0.0002522916533052921,0.4030752435326576
5660,2717280,142,0.16079086,1.328589415550232,-0.002298368906485848,7.924499988555908
5680,2726880,142,-2.92310295,1.3285165429115295,-0.006515389680862427,3.6205222576856615
5700,2736480,142,-5.32442523,1.3289124608039855,0.002375087630935013,2.840897208452225
5720,2746080,142,-6.47557776,1.3300339460372925,0.0005963524803519249,4.241640278697014
5740,2755680,142,-3.4646403799999996,1.3287378549575806,0.006267239153385162,10.004519486427307
5760,2765280,142,-5.429182449999998,1.3278087615966796,-0.008967795968055725,0.3086751468479633
5780,2774880,142,-5.89947082,1.3267114877700805,0.0030599161982536316,9.654288691282272
5800,2784480,142,-5.68028297,1.3247614860534669,-0.000875445082783699,5.252392512559891
5820,2794080,142,-6.11369066,1.323261284828186,0.010095518827438355,4.929483819007873
5840,2803680,142,-2.59693059,1.322340762615204,-0.007018754072487354,1.8830698251724243
5860,2813280,142,-3.4537454199999997,1.3217583417892456,-0.003340091684367508,3.942150616645813
5880,2822880,142,-6.661843210000001,1.3220057487487793,0.00239649279974401,15.94139597415924
5900,2832480,142,-2.4923067500000005,1.3211004376411437,0.008930649608373642,6.165114307403565
5920,2842080,142,-3.9638416899999993,1.3203264713287353,-0.010262517631053925,1.1330177009105682
5940,2851680,142,-1.3070186000000001,1.3205429196357727,-0.006610273336991668,4.930027854442597
5960,2861280,142,-4.2653145299999995,1.3196521878242493,-0.007332640886306763,4.073160365223885
5980,2870880,142,-4.03882892,1.3189058542251586,-0.008971484750509262,13.953245985507966
6000,2880480,142,-3.39248185,1.3186392426490783,-0.004492979669885244,9.582658624649047
6020,2890080,142,-8.59909808,1.3193721652030945,-0.014437241666018962,5.376811408996582
6040,2899680,142,-11.13468708,1.3191380620002746,0.009074549732031301,10.477748394012451
6060,2909280,142,-10.00110039,1.319168174266815,-0.005154906958341599,4.402483868598938
6080,2918880,142,-7.681432559999999,1.318723165988922,0.003022213699296117,8.574058008193969
6100,2928480,142,-4.36360851,1.3183955669403076,-0.005561737157404423,7.233775413036346
6120,2938080,142,-4.2876569799999995,1.3179103136062622,-0.0057316387072205545,21.508307886123657
6140,2947680,142,-3.5035460200000004,1.3170703887939452,-0.004502813704311848,4.305632984638214
6160,2957280,142,-2.8394827799999995,1.3160520911216735,-0.006517831847304478,2.0791204392910005
6180,2966880,142,-1.1270159400000004,1.3150210618972777,0.0029026955366134644,6.886808162927627
6200,2976480,142,-6.216186450000002,1.3146193504333497,0.0051903601735830305,14.820896750688553
6220,2986080,142,-6.31670243,1.3125733852386474,0.006676069647073746,8.28149020075798
6240,2995680,142,-5.4401135499999995,1.3122572302818298,0.00911429887637496,12.397191694378852
6260,3005280,142,-2.64053026,1.3126736640930177,0.00339590422809124,11.739489141106606
6280,3014880,142,-3.5072336,1.3132330894470214,-0.006638142897281795,3.9280464082956312
6300,3024480,142,-3.1428401800000008,1.3124460101127624,-0.0021850988268852234,9.499674797058105
6320,3034080,142,-2.6195975200000006,1.3124541997909547,-0.005658455193042755,11.7877676486969
6340,3043680,142,-3.3707978699999996,1.3118558168411254,-0.002237674966454506,5.188887479901314
6360,3053280,142,-5.6921042,1.3130489230155944,-0.006148845888674259,4.905956053733826
6380,3062880,142,-1.7050774000000002,1.3118736267089843,-0.006178553774952888,8.563742800056934
6400,3072480,142,1.2082662800000001,1.3116553664207458,0.0015252723824232817,6.499666523933411
6420,3082080,142,-5.260176080000001,1.3111800789833068,0.004760298086330295,7.86049439907074
6440,3091680,142,-3.03675656,1.3107534646987915,-0.004653205536305905,11.608951759338378
6460,3101280,142,-4.57281988,1.3100162029266358,0.00282914936542511,12.27052924335003
6480,3110880,142,-5.38108314,1.3099104166030884,-0.005437173694372177,2.1444780349731447
6500,3120480,142,-5.02194402,1.3101474523544312,0.009777351468801498,12.482508420944214
6520,3130080,142,-3.73684265,1.3088546395301819,-0.004529345035552979,17.03924963474274
6540,3139680,142,-0.07515153000000031,1.3084665179252624,-0.004426419455558062,3.2724137902259827
6560,3149280,142,-8.25608246,1.307476270198822,-0.00018613561987876893,4.7869054794311525
6580,3158880,142,-3.59443151,1.3062515735626221,0.007897837460041046,7.6801755964756016
6600,3168480,142,-1.55195418,1.305316722393036,0.0004678934812545776,14.912119038403034
6620,3178080,142,-2.74047007,1.3049160718917847,-0.001957898586988449,13.261420392990113
6640,3187680,142,-4.817987059999999,1.3035414099693299,0.002871707268059254,8.828583323955536
6660,3197280,142,-3.56823867,1.3018453598022461,0.007373412139713764,13.348018527030945
6680,3206880,142,-0.5811786799999997,1.301349401473999,-0.003537400998175144,6.017105692625046
6700,3216480,142,-6.18324537,1.3016788363456726,0.0053811237215995785,7.0873150616884235
6720,3226080,142,-3.4760626900000005,1.300793182849884,-0.0037684897892177106,1.4315724983811378
6740,3235680,142,-1.5766515199999998,1.3000095248222352,-0.0008992962539196014,16.60306797027588
6760,3245280,142,-4.72467538,1.2995452284812927,-0.003923067264258862,14.650291991233825
6780,3254880,142,-2.5297556400000003,1.2987184882164002,0.004809480905532837,1.62123202085495
6800,3264480,142,-2.2246656099999997,1.2966702580451965,0.000377635657787323,5.887609395384788
6820,3274080,142,-2.4957734,1.296571934223175,-0.00544310943223536,2.7709614396095277
6840,3283680,142,-2.0918096300000006,1.2962997198104858,0.011415180563926697,8.491716182231903
6860,3293280,142,-3.4832746300000004,1.295374321937561,-0.001627346803434193,9.444969868659973
6880,3302880,142,-4.18958572,1.295637857913971,-0.0023121195146813987,4.620728385448456
6900,3312480,142,-0.9357898100000006,1.294497549533844,-0.002997763268649578,4.605683755874634
6920,3322080,142,-3.03931628,1.2945773959159852,-0.001379213109612465,7.983977651596069
6940,3331680,142,0.05021975000000022,1.294349205493927,0.004530549049377441,4.235042053461075
6960,3341280,142,-5.326175480000001,1.2933465957641601,-0.00721740834414959,5.878351712226868
6980,3350880,142,-1.8314757600000002,1.2930843114852906,-0.0004800472408533096,4.307748281955719
7000,3360480,142,-2.6655733200000005,1.2919615864753724,-0.0015203282237052917,5.907816325128079
7020,3370080,142,-2.63252813,1.2899322152137755,0.0023675216361880302,1.3498975068330765
7040,3379680,142,0.28669767999999995,1.2901758551597595,-0.004281790927052498,8.424289584159851
7060,3389280,142,0.58639312,1.2903133511543274,0.008612252213060856,11.669641923904418
7080,3398880,142,-0.4100353600000001,1.2901599168777467,-0.010629749298095703,3.021822050213814
7100,3408480,142,-0.22616662999999967,1.2889045596122741,-0.00771730188280344,5.688697123527527
7120,3418080,142,-3.66212777,1.2889405965805054,-0.003883495181798935,8.518173027038575
7140,3427680,142,-4.05660138,1.288620913028717,-0.009869971871376037,0.1845558226108551
7160,3437280,142,-2.2085503,1.287403118610382,0.002071380894631147,10.282012128829956
7180,3446880,142,-1.6262736500000003,1.2867019414901733,-0.003229440562427044,2.28914053440094
7200,3456480,142,-0.010192379999999873,1.2861585855484008,-0.00508178099989891,4.954665333032608
7220,3466080,142,-0.11892934000000001,1.2847827196121215,-0.0015165962278842926,4.099610680341721
7240,3475680,142,-2.04522134,1.284225881099701,-0.008130180928856135,3.883838450908661
7260,3485280,142,0.8435776900000002,1.2850337386131288,0.002661775308661163,21.98892502784729
7280,3494880,142,-1.2883482999999998,1.2849943161010742,0.0013855129480361938,13.797114658355714
7300,3504480,142,0.6292630900000001,1.2843643188476563,0.0006765842437744141,8.242398798465729
7320,3514080,142,-4.74321644,1.2843983054161072,-0.0046206265687942505,5.645785713195801
7340,3523680,142,3.2996456700000003,1.2846471428871156,0.005622081831097603,16.042825794219972
7360,3533280,142,-3.8918688200000005,1.2851937294006348,-0.016182655841112135,1.6518947243690492
7380,3542880,142,-2.7460142199999997,1.284224545955658,0.001999608054757118,10.604382133483886
7400,3552480,142,-2.4718908699999997,1.2848612904548644,0.0036253126338124273,11.505510520935058
7420,3562080,142,-3.29126652,1.2848417997360229,-0.004748968034982681,10.077853679656982
7440,3571680,142,-5.347362340000001,1.2842304706573486,-0.007016275645582937,8.344593155384064
7460,3581280,142,-6.75549488,1.2843276500701903,0.006435672193765641,5.414822697639465
7480,3590880,142,-4.198172629999999,1.2834179043769836,-0.0048346363473683596,5.9602055311203
7500,3600480,142,-5.7038100499999995,1.2826622247695922,-0.005469491332769394,10.332475733757018
7520,3610080,142,0.07445458999999995,1.2811956763267518,-0.005167767591774464,18.357689476013185
7540,3619680,142,-2.09220547,1.2815986037254334,-0.012077596690505742,13.692963832616806
7560,3629280,142,-5.538400730000001,1.2820414185523987,-0.006223584711551666,13.56919572353363
7580,3638880,142,0.04354357000000004,1.2806798100471497,0.0011837951838970183,12.394482803344726
7600,3648480,142,-1.61281418,1.2803696393966675,-0.006029608473181724,12.432730388641357
7620,3658080,142,-4.518977420000001,1.28056800365448,-0.0017301290296018123,10.71839643716812
7640,3667680,142,-3.4721288400000003,1.279696762561798,-0.002606681501492858,6.636559979617596
7660,3677280,142,-3.19088591,1.2799658179283142,-0.0023013656958937646,3.984305465221405
7680,3686880,142,-0.6249169500000002,1.2799941062927247,-0.001911392988404259,9.909502029418945
7700,3696480,142,-2.68130938,1.2793461799621582,-0.013891145214438438,3.2809706568717956
7720,3706080,142,-2.8116721399999993,1.2783942580223084,-0.008179456740617753,2.8689197659492494
7740,3715680,142,-2.4536080800000004,1.2781715035438537,-0.008437632769346236,9.668182849884033
7760,3725280,142,-1.1460016999999998,1.277704405784607,-0.012930329330265522,0.6719882965087891
7780,3734880,142,0.047084609999999964,1.276532244682312,-0.005766549333930016,1.3659525491297244
7800,3744480,142,-3.2225235599999995,1.2764745831489563,-0.004814423248171806,1.6603315204381943
7820,3754080,142,-1.74510882,1.2756168365478515,-0.006800476089119911,10.432382249832154
7840,3763680,142,-4.23400679,1.27446848154068,-0.0003909517399733886,4.134026175737381
7860,3773280,142,-4.381189669999999,1.2737656474113463,0.0023967668414115904,6.0592313528060915
7880,3782880,142,-0.17594111999999984,1.2735759019851685,-0.008519067103043199,1.4825817823410035
7900,3792480,142,-1.2493218,1.2727255940437316,-0.0038578122854232787,5.913931131362915
7920,3802080,142,0.5853605599999996,1.2725656867027282,-0.005027939984574914,15.577979815006255
7940,3811680,142,-2.5271726599999993,1.2725640296936036,0.004413710534572601,6.254482391476631
7960,3821280,142,-0.9319286600000005,1.273633348941803,0.009666986204683781,10.168109759688377
7980,3830880,142,2.3696371199999997,1.272772192955017,-0.012710222881287337,0.3236681059002876
8000,3840480,142,4.57906715,1.2730190873146057,-0.007553863525390625,9.188389623165131
8020,3850080,142,0.08703598000000014,1.271925973892212,-0.01103374883532524,3.146530771255493
8040,3859680,142,1.7360702099999994,1.2696052670478821,-0.0033400192856788634,1.9137393802404403
8060,3869280,142,4.0094762799999994,1.2682952761650086,-0.0036768168210983276,2.043201306462288
8080,3878880,142,2.7169175500000007,1.2684061884880067,-0.005865588039159775,1.3802985697984695
8100,3888480,142,1.57269621,1.2689470052719116,-0.008213724195957183,2.7298692226409913
8120,3898080,142,0.7810090800000005,1.2672454953193664,-0.006207958236336708,1.854781512916088
8140,3907680,142,-2.988291099999999,1.2670179605484009,-0.003740151226520538,3.003046725690365
8160,3917280,142,0.3298314400000002,1.2669697761535645,-0.0007924915931653232,7.376890063285828
8180,3926880,142,1.0676519799999995,1.267012393474579,0.003991759568452835,5.606888604164124
8200,3936480,142,-0.54400929,1.2670077323913573,-0.0058605968952178955,3.2678137794137
8220,3946080,142,1.4845075900000007,1.2669085741043091,-0.004405028885230422,1.7751755267381668
8240,3955680,142,3.2682572400000005,1.2663689970970153,-0.009743161872029305,9.062482452392578
8260,3965280,142,-1.16168827,1.2666157364845276,-0.003633926808834076,4.6440661028027534
8280,3974880,142,-0.08838943,1.2669297933578492,-0.01433238834142685,3.0526413828134538
8300,3984480,142,-1.9760126999999996,1.2676243662834168,-0.0018822528421878816,4.1627796530723575
8320,3994080,142,2.14725771,1.2672134160995483,-0.007105367258191109,4.895803126692772
8340,4003680,142,1.13234229,1.2666615843772888,-0.0029384128749370573,15.095688815414906
8360,4013280,142,4.69222106,1.2648473381996155,0.0002863680943846703,8.060341835021973
8380,4022880,142,3.4699292099999997,1.2643962621688842,-0.004741470515727997,1.3845225811004638
8400,4032480,142,3.12758353,1.2632217288017273,-0.006682363152503967,5.609453511238098
8420,4042080,142,-0.7564802499999999,1.2637861967086792,-0.006790752708911896,2.9399322748184202
8440,4051680,142,-1.4829126,1.2639370203018188,0.00395258218050003,11.363152167201042
8460,4061280,142,1.68224262,1.262726652622223,0.0005158811807632446,6.343968689441681
8480,4070880,142,2.5681758800000005,1.2624930024147034,-0.003402972221374512,2.01071919798851
8500,4080480,142,-2.53816531,1.2640274286270141,-0.0049633864313364025,6.586907601356506
8520,4090080,142,-3.0000934699999986,1.263588047027588,-0.007024535536766052,7.221745383739472
8540,4099680,142,-4.62374553,1.2633036732673646,-0.0008772183209657669,4.385266423225403
8560,4109280,142,-2.39738616,1.2625265955924987,-0.0037733130156993866,9.836531710624694
8580,4118880,142,-8.193647109999999,1.261329138278961,0.0017299912869930267,16.596592473983765
8600,4128480,142,-6.43811357,1.2607843279838562,0.006816290318965912,23.30934932231903
8620,4138080,142,-1.5172238900000001,1.2596059083938598,-0.008022943511605263,10.552343422174454
8640,4147680,142,0.5184837700000005,1.2586684584617616,-0.0024505190551280974,2.9291968137025832
8660,4157280,142,4.19590195,1.257369911670685,0.00015289606526494026,9.414718639850616
8680,4166880,142,2.8698049200000004,1.2577198505401612,-0.006113971816375852,3.4550097569823266
8700,4176480,142,2.36751273,1.2568158149719237,0.0014657136052846909,5.989093205332756
8720,4186080,142,2.631265630000001,1.2562872052192688,-0.0007183611392974854,10.212394225597382
8740,4195680,142,1.6525447499999992,1.2564495921134948,-0.005561031401157379,8.635813999176026
8760,4205280,142,3.52614002,1.2569533467292786,0.002090916782617569,13.589981269836425
8780,4214880,142,0.12264282999999988,1.2567665696144104,-0.001000192016363144,15.751400375366211
8800,4224480,142,2.6849963899999993,1.2561087250709533,0.005881080403923988,9.55600380897522
8820,4234080,142,0.54622241,1.2563625931739808,-0.0025366337969899176,25.65998954772949
8840,4243680,142,3.9174552400000007,1.2540170311927796,-0.011666517332196235,10.886320543289184
8860,4253280,142,0.19914160999999958,1.253844976425171,-0.0010917539475485682,25.72743875980377
8880,4262880,142,0.83472735,1.2542771339416503,-0.007071791961789131,10.213199919462204
8900,4272480,142,-2.33676053,1.2545644640922546,0.0008287616074085236,14.419675838947295
8920,4282080,142,-4.058695200000002,1.2552254438400268,0.0015253737568855287,20.11468334197998
8940,4291680,142,-5.788658579999999,1.2540372014045715,-0.005102769052609801,13.102342700958252
8960,4301280,142,-0.41982155000000027,1.2536256909370422,-0.0070430122315883635,5.977946424484253
8980,4310880,142,-2.04853247,1.2536065220832824,-0.0011000823229551314,22.49597806930542
9000,4320480,142,2.3387753399999998,1.2541447401046752,0.0022261302219703794,12.463483035564423
9020,4330080,142,-2.8664177400000006,1.2531508684158326,-0.0023736158676911146,7.584810122847557
9040,4339680,142,2.0580095200000006,1.252347481250763,-0.00239669531583786,9.580015206336975
9060,4349280,142,3.1231534800000005,1.25073139667511,-0.0027551554143428803,9.681373202800751
9080,4358880,142,0.5152660299999998,1.2498424530029297,-0.0010093785356730222,10.804446136951446
9100,4368480,142,1.8130949500000002,1.2486220717430114,-0.005227361875586212,7.477005839347839
9120,4378080,142,1.3229404200000001,1.2484622240066527,-0.005017104372382164,17.142636394500734
9140,4387680,142,2.2232823899999996,1.2479817032814027,2.1542608737945557e-05,23.051655530929565
9160,4397280,142,1.2697836600000003,1.24797682762146,-0.004777353000827133,1.7941685616970062
9180,4406880,142,1.5927102300000004,1.2459936261177063,-0.0045562412589788435,4.386760592460632
9200,4416480,142,2.5878319200000006,1.2438252449035645,-0.004950298182666302,11.543495708703995
9220,4426080,142,1.13951184,1.2437049388885497,0.001359255611896515,10.009706145524978
9240,4435680,142,5.80118732,1.2421842813491821,0.0013365926221013068,5.172875016927719
9260,4445280,142,7.959217069999999,1.2408429026603698,-1.1518597602844238e-05,9.04232679605484
9280,4454880,142,0.52649163,1.2403630256652831,0.002037706598639488,14.424825847148895
9300,4464480,142,3.15025557,1.2394335985183715,-0.004379156231880188,5.991193282604217
9320,4474080,142,4.333700390000001,1.2373555898666382,0.0004809856414794922,22.801272106170654
9340,4483680,142,4.787443769999999,1.2370389342308044,-0.0009955896995961667,7.85259662270546
9360,4493280,142,3.00778976,1.236824345588684,-0.00504543399438262,6.628653120994568
9380,4502880,142,4.769780400000001,1.236405348777771,0.0034915340598672628,3.4422969818115234
9400,4512480,142,3.2229213000000003,1.2360059142112731,-0.006623604148626327,4.308963051438331
9420,4522080,142,5.1381343799999994,1.2358412981033324,-0.004407398169860244,12.119052815437318
9440,4531680,142,1.7642330999999998,1.2346957802772522,-0.004313605092465878,30.400862598419188
9460,4541280,142,1.91055844,1.2341301083564757,-0.006634048745036125,7.220062458515168
9480,4550880,142,4.444377649999999,1.2339980125427246,0.0031407766044139864,11.991128122806549
9500,4560480,142,3.6032255400000004,1.2338839888572692,0.0023411243222653867,4.794927883148193
9520,4570080,142,2.1722621199999996,1.2334103345870973,-0.0033041030168533326,13.94745979309082
9540,4579680,142,4.756047499999999,1.2323986649513246,-0.01073262959253043,1.3838211953639985
9560,4589280,142,1.3576028900000003,1.2322681427001954,0.0052388966083526615,12.748558020591735
9580,4598880,142,0.19709004999999968,1.231688094139099,-0.008209308981895447,7.558946585655212
9600,4608480,142,2.52759897,1.2306571841239928,-0.007869020104408264,11.49906029701233
9620,4618080,142,2.1703446299999993,1.2289700031280517,-0.008680363744497299,12.245744395256043
9640,4627680,142,1.80379688,1.2282984972000122,-0.006943187676370144,2.213683632016182
9660,4637280,142,0.31228150000000043,1.2276488661766052,0.001170131377875805,23.219650983810425
9680,4646880,142,2.6187888,1.2280371189117432,-0.003821122273802757,28.28792886734009
9700,4656480,142,3.2879482600000007,1.22762211561203,-0.0010905947536230087,8.199210119247436
9720,4666080,142,-0.9223292899999997,1.2270743012428285,-0.007093046279624105,8.962594938278198
9740,4675680,142,2.75552724,1.2262478590011596,0.0001758888363838196,2.1782808661460877
9760,4685280,142,1.3539873700000005,1.2256070375442505,-0.005353975296020508,5.352252924442292
9780,4694880,142,2.9778105499999996,1.22419273853302,-0.0023568106815218927,7.524039959907531
9800,4704480,142,5.89282998,1.2249556541442872,0.006175512075424194,13.036057901382446
9820,4714080,142,4.92062455,1.225007164478302,-0.0029183784499764442,6.778929758071899
9840,4723680,142,4.523560649999999,1.2241036772727967,-0.006978509295731783,9.465553092956544
9860,4733280,142,3.5812807199999996,1.222066581249237,-0.004105177521705627,20.044097471237183
9880,4742880,142,2.29329763,1.2221809148788452,-0.007756960391998291,18.35806007385254
9900,4752480,142,4.13210871,1.2216583013534545,-0.0033491740468889475,2.4485790580511093
9920,4762080,142,1.86958019,1.221200406551361,0.012406241707503795,19.835701274871827
9940,4771680,142,3.1150580900000007,1.2198608994483948,-0.0007534442003816367,12.636826062202454
9960,4781280,142,1.92131764,1.2177281022071837,-0.0049589045345783235,10.63073159456253
9980,4790880,142,7.191926979999998,1.2157070517539978,6.915517151355744e-05,30.9998930811882
10000,4800480,142,3.29070915,1.2143761038780212,-0.004976135957986116,3.0642091989517213
10020,4810080,142,4.76414966,1.2149271368980408,-0.0017334973439574243,1.5693785548210144
10040,4819680,142,5.258336540000001,1.215055274963379,0.004674843512475491,8.778224086761474
10060,4829280,142,1.8550531799999999,1.2140415072441102,-0.0002036072313785553,20.936514377593994
10080,4838880,142,2.5047946999999997,1.213151466846466,-0.008264494128525257,5.774386703968048
10100,4848480,142,7.425193269999998,1.2113299131393434,0.008561416156589985,17.93481798171997
10120,4858080,142,5.16984349,1.2111306190490723,0.001760215312242508,11.624909514188767
10140,4867680,142,-1.14847384,1.2103508114814758,-0.005082472413778305,6.327842330932617
10160,4877280,142,4.71609266,1.20999436378479,-0.00224989028647542,6.890600347518921
10180,4886880,142,5.44061593,1.2088044881820679,-0.004116933327168226,3.1599830746650697
10200,4896480,142,5.57943302,1.2081138372421265,0.01222139629535377,14.251676940917969
10220,4906080,142,6.458159059999999,1.207764482498169,-0.011039113020524382,7.517384457588196
10240,4915680,142,9.17230673,1.2064440727233887,-0.004320067702792585,7.2581439971923825
10260,4925280,142,3.29557166,1.2057872772216798,-0.004729151725769043,10.476651161909103
10280,4934880,142,9.45257353,1.2052112936973571,-0.010870232805609703,1.6570387482643127
10300,4944480,142,9.93601634,1.2044239521026612,-0.004732213169336319,6.173778665065766
10320,4954080,142,7.759183270000001,1.2041809678077697,-0.012457520700991154,2.931194818019867
10340,4963680,142,10.886187990000002,1.2035539269447326,-0.004702672362327576,3.857447987794876
10360,4973280,142,2.7433378999999998,1.203483247756958,0.01192637849599123,19.631280422210693
10380,4982880,142,9.139267239999999,1.2036462664604186,0.001324281096458435,11.503963953256607
10400,4992480,142,7.8614017500000015,1.2025513052940369,-0.0014505982398986816,7.076068609952927
10420,5002080,142,7.372419150000001,1.2027613639831543,0.00363418678753078,15.484629845619201
10440,5011680,142,4.830747109999999,1.2030948758125306,-0.0014364561066031456,7.393177556991577
10460,5021280,142,5.16215641,1.2031753659248352,0.0020598147064447405,7.428107953071594
10480,5030880,142,8.42587871,1.2017630457878112,0.002406500279903412,8.43731689453125
10500,5040480,142,6.179855920000001,1.2015759468078613,0.00034251101315021517,11.953138732910157
10520,5050080,142,6.57102346,1.2008826851844787,-0.0029379880987107755,12.499094653129578
10540,5059680,142,10.303832629999999,1.200577163696289,-0.004252615012228489,1.9720081567764283
10560,5069280,142,11.751847810000001,1.2000749349594115,-0.006562611961271614,9.332788121700286
10580,5078880,142,4.657284289999999,1.1995622277259828,-0.005330447480082512,9.486861956119537
10600,5088480,142,7.766921470000001,1.199324607849121,-0.0005742643028497696,2.3702693611383436
10620,5098080,142,5.10531684,1.1984126687049865,-0.0002581611275672913,20.999328231811525
10640,5107680,142,5.4976351800000005,1.1989329934120179,0.003476783074438572,22.17105531692505
10660,5117280,142,10.209108549999998,1.1991430640220642,0.00027369167655706407,23.18564395904541
10680,5126880,142,4.614505080000002,1.1979037880897523,-0.0009263347834348679,8.856881260871887
10700,5136480,142,12.126099780000002,1.1976908922195435,-0.007854989357292652,8.605271434783935
10720,5146080,142,11.920087129999999,1.1963119983673096,-0.0037699028849601745,10.82478141784668
10740,5155680,142,11.47868561,1.196064865589142,-0.009334398061037063,0.715030825138092
10760,5165280,142,11.396332040000003,1.1951417803764344,-0.001560201495885849,17.815758049488068
10780,5174880,142,9.697881700000002,1.1940198421478272,0.0035050326958298685,10.393646907806396
10800,5184480,142,11.21014381,1.1928165197372436,0.0011996336281299591,24.245404970645904
10820,5194080,142,7.925460869999998,1.1929361462593078,0.001808439753949642,24.21039719581604
10840,5203680,142,7.6000993999999995,1.1922769784927367,0.0032785858958959578,6.718387794494629
10860,5213280,142,8.579639290000001,1.1922188520431518,0.013119483832269907,33.415146350860596
10880,5222880,142,7.883791639999999,1.1921526908874511,-0.0020234040915966035,6.262881112098694
10900,5232480,142,8.44167283,1.192394745349884,0.0061662152875214815,12.302134370803833
10920,5242080,142,10.810742789999999,1.1920122027397155,-0.0023940707789734004,11.84306468963623
10940,5251680,142,6.5169945799999995,1.1914301753044128,-0.0010758101474493743,7.761360508203507
10960,5261280,142,8.26370835,1.1901544690132142,0.0011066421866416931,19.911854696273803
10980,5270880,142,7.84774717,1.1905625462532043,-0.004532371275126934,23.024765014648438
11000,5280480,142,8.3027645,1.1912117719650268,-0.0004453204572200775,9.967902374267577
11020,5290080,142,6.77462758,1.1905939340591432,0.0013250105082988739,10.702260732650757
11040,5299680,142,7.500150329999999,1.190504539012909,0.00802186168730259,7.234576153755188
11060,5309280,142,6.61635399,1.1889507293701171,-0.0016145503148436546,14.220929527282715
11080,5318880,142,8.194000619999999,1.1876737475395203,0.00660143569111824,12.327922153472901
11100,5328480,142,10.017122579999999,1.1874810099601745,-0.00474388301372528,12.257251524925232
11120,5338080,142,8.540093679999998,1.1867554664611817,0.005753049254417419,13.75257666707039
11140,5347680,142,6.560032949999998,1.1863518238067627,-0.013219763524830341,6.755119454860687
11160,5357280,142,9.149851640000001,1.1861847281455993,0.0001268991269171238,12.535554420948028
11180,5366880,142,7.597088629999999,1.185753083229065,-0.008058667182922363,11.027893310785293
11200,5376480,142,1.3903236199999998,1.1850337147712708,0.0007377093657851219,12.271943616867066
11220,5386080,142,4.21502057,1.1834354639053344,-0.0037647750228643416,5.577638274431228
11240,5395680,142,8.849262940000001,1.1831142544746398,0.0003750755451619625,2.8316794991493226
11260,5405280,142,13.266739759999998,1.1816771864891051,-0.006210786011070013,11.840517616271972
11280,5414880,142,6.236046479999999,1.1809117674827576,-0.005119355209171772,11.0446147441864
11300,5424480,142,8.11497579,1.1787209868431092,-0.003293500654399395,5.829223394393921
11320,5434080,142,9.29724803,1.1781076550483705,-0.008180089108645917,6.652293729782104
11340,5443680,142,8.62932299,1.1774171829223632,-0.008110577985644341,2.375633978843689
11360,5453280,142,10.731014799999999,1.1774582743644715,-0.004856609553098678,3.3946406722068785
11380,5462880,142,12.35478142,1.1778706908226013,0.002050793769012671,6.921286010742188
11400,5472480,142,11.394868919999999,1.1761964440345765,-0.0039475210011005405,11.782079315185547
11420,5482080,142,13.412472009999998,1.175327479839325,-0.004482108354568482,9.69112250804901
11440,5491680,142,11.748030040000002,1.1754328608512878,-0.00457322746515274,18.130069398880003
11460,5501280,142,14.420589750000001,1.1742469906806945,0.01243924752343446,16.47009220123291
11480,5510880,142,14.50629806,1.1733468294143676,-0.0054070383310317995,2.049733179807663
11500,5520480,142,14.368091040000001,1.1734203100204468,-0.00333816260099411,13.110032391548156
11520,5530080,142,12.635652319999998,1.1734139919281006,0.0007710255682468415,13.181511688232423
11540,5539680,142,16.81512069,1.173631727695465,-0.009973810613155365,3.4072357058525085
11560,5549280,142,13.763509149999999,1.173266863822937,0.00482997577637434,14.885887908935548
11580,5558880,142,14.553969430000002,1.173001492023468,0.008105102367699147,16.95682563781738
11600,5568480,142,16.6448865,1.1716795206069945,-0.0028846245259046555,13.53294370174408
11620,5578080,142,12.919264179999997,1.1712942004203797,-0.008594505488872528,7.264557039737701
11640,5587680,142,10.354859470000001,1.1707635641098022,0.001181546226143837,10.528041505813599
11660,5597280,142,15.801563940000001,1.1714273333549499,-0.004294120508711785,31.06705598831177
11680,5606880,142,12.50155926,1.171508252620697,-0.007843437045812607,13.013356137275697
11700,5616480,142,6.501248989999999,1.1709463000297546,-0.009252290334552526,1.4349400579929352
11720,5626080,142,11.14078043,1.170188319683075,-0.009679993987083435,1.9705400168895721
11740,5635680,142,7.901615779999999,1.169261598587036,0.004255649447441101,33.36890249252319
11760,5645280,142,11.623157970000001,1.1693192362785338,-4.315376281738281e-05,24.709259033203125
11780,5654880,141,15.108818999999999,1.16996728181839,-0.0038881671614944937,5.830144762992859
11800,5664480,141,15.076040780000001,1.1700281023979187,-5.996599793434143e-06,18.120575869083403
11820,5674080,141,15.08546269,1.1691083431243896,0.0019164185505360365,18.95814640522003
11840,5683680,141,8.35095353,1.1691327929496764,0.0003145560622215271,20.245387184619904
11860,5693280,142,9.435733800000001,1.1695518493652344,-0.005607566144317388,31.9572735786438
11880,5702880,141,11.53885987,1.1700080394744874,-0.006821260927245021,24.1714055120945
11900,5712480,141,14.768071080000002,1.1697275757789611,-0.006481199339032173,14.730082011222839
11920,5722080,141,15.46657305,1.1700734496116638,-0.01095801144838333,12.824623608589173
11940,5731680,141,15.212297329999998,1.1696499466896058,-0.00208439901471138,4.167365288734436
11960,5741280,141,11.842616060000003,1.1696390390396119,0.005491283163428307,25.87315993309021
11980,5750880,141,6.752713119999999,1.170291531085968,-0.0014144986867904662,21.10615553855896
12000,5760480,141,7.89117079,1.170822262763977,-0.007660281099379063,4.5473623156547545
12020,5770080,141,6.2686389600000005,1.1702397108078002,-0.0021230019629001617,15.765260636806488
12040,5779680,141,12.949405520000001,1.1699721813201904,0.00045483438298106195,19.11373860836029
12060,5789280,141,7.005637849999999,1.1700538396835327,-0.0107078792527318,5.266350293159485
12080,5798880,141,6.418412470000001,1.1701575994491578,-0.0070970875676721334,14.720966267585755
12100,5808480,141,14.08512572,1.1703826427459716,-0.001021739561110735,5.028901553153991
12120,5818080,141,4.806078600000001,1.169953989982605,-0.00017431899905204773,18.768593001365662
12140,5827680,141,7.134791719999998,1.1704529762268066,0.011883615329861642,40.45322723388672
12160,5837280,141,5.02660338,1.1708675622940063,0.004187711328268051,28.213968753814697
12180,5846880,141,8.91732449,1.1712429761886596,0.00658583864569664,25.03091468811035
12200,5856480,141,8.233061099999999,1.1722479104995727,-0.004113548249006271,15.078448677062989
12220,5866080,141,11.71839334,1.1725188374519349,0.008810126036405564,20.914691948890685
12240,5875680,141,9.1301167,1.1724746465682983,0.011208103573881089,29.71615924835205
12260,5885280,141,8.70162104,1.1729722499847413,-0.009095096186501905,7.872681188583374
12280,5894880,141,3.7668644500000004,1.173104465007782,-0.010510094958590344,16.75996026992798
12300,5904480,141,5.945979799999999,1.173833978176117,-0.0057304628193378445,13.596422100067139
12320,5914080,141,0.24432588000000002,1.174256718158722,-0.0053130343556404116,18.382305598258974
12340,5923680,141,-1.0171957300000003,1.1746708750724792,0.013088840991258621,28.97644190788269
12360,5933280,141,-1.9275984700000002,1.1754887223243713,0.004293660819530487,15.84659914970398
12380,5942880,141,-2.4217623500000003,1.176611840724945,-0.005465184897184372,10.568062210083008
12400,5952480,141,1.4052490800000004,1.1771652340888976,0.00497349975630641,12.000038385391235
12420,5962080,141,2.9458993199999997,1.1781333684921265,-0.0005170153453946114,28.29845428466797
12440,5971680,141,7.093635200000001,1.177915632724762,-0.002658357098698616,6.133496963977814
12460,5981280,141,0.77839352,1.178146481513977,0.002574059925973415,16.123338747024537
12480,5990880,141,9.17571955,1.1775895714759828,-0.006328458711504936,11.998508620262147
12500,6000480,141,6.24863393,1.1782466292381286,-0.0023109983652830125,9.034004664421081
12520,6010080,141,12.649661159999999,1.1768116116523744,0.014095216244459152,23.19060287475586
12540,6019680,141,9.8015746,1.1758894681930543,-0.01014617718756199,3.478964793682098
12560,6029280,141,12.950258840000002,1.1745909214019776,0.0005450803786516189,12.398190116882324
12580,6038880,141,15.354976869999998,1.173195445537567,-0.0017361652106046676,6.749892663955689
12600,6048480,141,16.36895436,1.1732003927230834,-0.007107316516339779,22.82151198387146
12620,6058080,141,15.072954539999996,1.1702378034591674,-0.012535622995346784,4.640913438796997
12640,6067680,141,18.57018716,1.1690390348434447,0.0018759200349450112,15.72599728703499
12660,6077280,141,12.97697485,1.1681020379066467,0.0023596154525876043,20.30629167556763
12680,6086880,141,13.81764436,1.167950689792633,-0.004752247780561447,5.0153439998626705
12700,6096480,141,14.889359319999999,1.1672141790390014,-0.003939288482069969,12.087295043468476
12720,6106080,141,15.101342010000002,1.1684828400611877,-0.010309934779070318,4.111750704050064
12740,6115680,141,8.105821520000001,1.1682360768318176,0.0002263501286506653,11.622624015808105
12760,6125280,141,9.115973579999999,1.16917325258255,-0.009169293567538261,16.422734117507936
12780,6134880,141,11.893104019999996,1.169051194190979,-0.006853378377854824,15.496054625511169
12800,6144480,141,9.731445319999999,1.1704197168350219,0.00247401837259531,9.568138122558594
12820,6154080,141,5.86832898,1.170018231868744,-0.001299532502889633,24.749135208129882
12840,6163680,141,7.25636895,1.1702412247657776,0.004683536291122436,19.881745386123658
12860,6173280,141,12.483767740000003,1.1714910507202148,-0.005793584580533207,18.428366005420685
12880,6182880,141,15.101836220000001,1.1700559735298157,-0.0011330497451126575,30.119531774520873
12900,6192480,141,18.34868718,1.170063316822052,1.6865134239196777e-05,9.587789392471313
12920,6202080,141,9.6123763,1.1705971956253052,0.009855253808200359,15.847794437408448
12940,6211680,141,15.184175390000002,1.170576846599579,-0.0015569590032100677,20.79664353132248
12960,6221280,141,9.22005958,1.170877957344055,0.0059529517791816035,13.35768232345581
12980,6230880,141,8.19346444,1.1706869006156921,0.002872052788734436,21.965730714797974
13000,6240480,141,13.279813959999998,1.1717359900474549,0.02093346156179905,20.046258783340456
13020,6250080,141,7.994615989999999,1.1723300695419312,-0.0014804042963078245,21.736540174484254
13040,6259680,141,10.278216829999998,1.1726755499839783,-0.00031028818339109423,20.115609228610992
13060,6269280,141,9.880750689999998,1.1725859642028809,0.00168393743224442,19.805850100517272
13080,6278880,141,12.296224110000002,1.1712616443634034,-0.0032743609510362147,13.507487004995346
13100,6288480,141,11.75698758,1.17189120054245,-0.00528109297156334,30.703984355926515
13120,6298080,141,8.404154430000002,1.1720869183540343,-0.0030250176787376404,36.35975112915039
13140,6307680,141,7.096913250000003,1.1721649527549745,0.0010154159273952246,11.492247295379638
13160,6317280,141,10.208814100000001,1.1724222660064698,0.0015709192724898458,10.56857271194458
13180,6326880,141,11.230263509999997,1.171880316734314,0.0028582483530044554,16.955267429351807
13200,6336480,141,13.723164419999998,1.1703694343566895,0.0035841815173625947,28.45125284194946
13220,6346080,141,13.281008699999997,1.1707674026489259,-0.013221255317330361,15.040525197982788
13240,6355680,141,9.94299799,1.1706556320190429,-0.008550818264484405,4.622383618354798
13260,6365280,141,11.455064350000002,1.1703166604042052,0.015887626362382435,33.387258529663086
13280,6374880,141,7.993601850000001,1.1705389738082885,0.0006673065945506096,24.78652720451355
13300,6384480,141,11.347974240000001,1.170103406906128,0.005812874808907509,17.895148313045503
13320,6394080,141,11.497366380000003,1.1704127430915832,-0.002976612001657486,20.370459651947023
13340,6403680,141,10.94624402,1.1706307411193848,-0.00011567883193492889,24.571350002288817
13360,6413280,141,14.941848519999999,1.1710683941841125,-0.0006361906649544835,7.94912896156311
13380,6422880,141,12.226826049999994,1.170506525039673,-0.007167879980988801,23.66834650039673
13400,6432480,141,15.07622075,1.1691426634788513,0.00398021936416626,14.122797083854675
13420,6442080,141,13.45976962,1.169659721851349,-0.009008495602756739,21.95935764312744
13440,6451680,141,12.245687319999996,1.1691603064537048,-0.011996845155954361,1.5660939335823059
13460,6461280,141,12.784654220000002,1.169509756565094,0.005180581659078598,33.54359083175659
13480,6470880,141,13.016656039999997,1.1688437938690186,-0.004150582849979401,7.318887329101562
13500,6480480,141,15.08069725,1.16867595911026,0.002640111744403839,14.14606591463089
13520,6490080,141,14.232061759999999,1.1692138195037842,-0.0036896996200084685,4.322916573286056
13540,6499680,141,17.58426457,1.1684407711029052,-0.0029700104147195815,9.313021981716156
13560,6509280,141,16.61404057,1.1682301759719849,-0.0017051082104444504,16.060456693172455
13580,6518880,141,21.3543948,1.1667357325553893,-0.005470559187233448,12.823853898048402
13600,6528480,141,17.52950054,1.1666733026504517,-0.0006623100256547332,34.43268527984619
13620,6538080,141,13.11541229,1.165847110748291,-0.001435498148202896,23.918141913414
13640,6547680,141,13.669178370000003,1.1657820701599122,-0.005123459728201852,4.46964727640152
13660,6557280,141,8.85265637,1.1651222705841064,-0.012736407667398452,13.955679601430893
13680,6566880,141,12.5818212,1.1657214283943176,-0.0021638001780956984,23.366637897491454
13700,6576480,141,13.87487054,1.1665621399879456,0.001730810571461916,25.119720649719238
13720,6586080,141,10.693304600000001,1.1668936252593993,-0.0078279547393322,30.054539108276366
13740,6595680,141,12.27069996,1.1671580076217651,-0.004187331534922123,14.99862152338028
13760,6605280,141,12.27782759,1.1662184715270996,-0.0018111422657966613,14.605009424686433
13780,6614880,141,13.46211424,1.1660204529762268,-0.002395622432231903,12.405539345741271
13800,6624480,141,8.944955119999998,1.1660781502723694,0.006850310787558556,33.04728307723999
13820,6634080,141,11.453613830000004,1.1660614609718323,0.004091897793114185,19.8386061668396
13840,6643680,141,17.42431711,1.1665232062339783,-0.0015652718022465706,23.162377619743346
13860,6653280,141,9.987135890000001,1.1650238156318664,6.349645555019379e-05,33.39825410842896
13880,6662880,141,10.04442654,1.1655473351478576,0.004772633546963334,19.59128408432007
13900,6672480,141,11.469825250000001,1.1660069108009339,0.0028294727206230165,31.98408794403076
13920,6682080,141,12.241608600000005,1.1657461285591126,0.004146343097090721,38.18421974182129
13940,6691680,141,15.64706674,1.1668648600578309,-0.0009958311915397645,13.574968659877777
13960,6701280,141,13.659027700000003,1.1670445322990417,-0.0036071229726076124,38.85723714828491
13980,6710880,141,14.909015620000002,1.1673501014709473,0.006589524447917938,30.0962242603302
14000,6720480,141,10.008356830000002,1.1655437231063843,-0.004297072812914848,32.491596698760986
14020,6730080,141,11.46430768,1.165037417411804,-0.008076201379299163,28.707547092437743
14040,6739680,141,14.465105020000001,1.1644067168235779,-0.007094362835050561,21.206233620643616
14060,6749280,141,10.65919789,1.1639508962631226,0.015618430078029632,44.6750191450119
14080,6758880,141,5.88138144,1.1641963005065918,0.00014436971396207808,21.927355337142945
14100,6768480,141,9.402371719999998,1.163803720474243,0.0014404374174773692,30.30974578857422
14120,6778080,141,12.58845787,1.1635978937149047,-0.011667250841856002,15.21674337387085
14140,6787680,141,15.015550569999995,1.162886118888855,-0.004622506350278855,11.100354766845703
14160,6797280,141,14.13040912,1.1632326245307922,-0.0007944321259856224,39.31810874938965
14180,6806880,141,13.075997869999998,1.163854467868805,0.009430677816271781,27.075282502174378
14200,6816480,141,13.028311630000003,1.1639291286468505,0.008929795026779175,14.900060391426086
14220,6826080,141,13.270275029999999,1.1649860501289369,0.006303465086966753,51.11095199584961
14240,6835680,141,15.092328900000002,1.1648536801338196,0.009160692244768143,27.55189504623413
14260,6845280,141,13.608031799999997,1.1646677255630493,0.003466830449178815,6.030138826370239
14280,6854880,141,17.41060279,1.1651803135871888,-0.0007610645145177842,14.502284145355224
14300,6864480,141,17.84004065,1.1639868855476379,-0.009499778598546981,9.411172741651535
14320,6874080,141,15.938732309999999,1.1654430866241454,0.01492984346114099,30.669286823272706
14340,6883680,141,16.70372715,1.1649124145507812,0.006361598870716989,18.0770991563797
14360,6893280,141,19.18333019,1.1658320426940918,-0.0036929190158843995,7.34720139503479
14380,6902880,141,12.625979130000001,1.1653499603271484,-0.003421301394701004,22.92816709280014
14400,6912480,141,13.908988350000001,1.1656357049942017,-0.015600059926509858,15.475482177734374
14420,6922080,141,15.59887487,1.1644378185272217,-0.005494250357151032,14.022186946868896
14440,6931680,141,11.400935180000001,1.1643406271934509,-0.009248623624444008,30.2779576420784
14460,6941280,141,13.405100820000003,1.1645351648330688,0.003724958235397935,39.38847064971924
14480,6950880,141,10.828146940000002,1.1646748423576354,-0.00929491121787578,12.805738067626953
14500,6960480,141,6.917629819999999,1.1651560187339782,0.011808948870748282,36.26010723114014
14520,6970080,141,7.6654350299999985,1.164726984500885,-0.004868189245462418,12.888298058509827
14540,6979680,141,3.93013406,1.164871907234192,0.015170898335054517,39.8292760848999
14560,6989280,141,7.63988463,1.1650696754455567,-0.0025182001292705534,18.263260269165038
14580,6998880,141,3.8573507000000005,1.166439700126648,-0.0019297853112220764,28.28902359008789
14600,7008480,141,6.785053569999999,1.1666466116905212,0.01457475610077381,33.15783195495605
14620,7018080,141,9.052910390000001,1.167343020439148,9.661752264946699e-05,27.83449230194092
14640,7027680,141,6.49375612,1.1672711730003358,0.013496001716703176,36.35612335205078
14660,7037280,141,9.573143210000001,1.1666823863983153,0.010868269950151443,18.464984750747682
14680,7046880,141,11.366971659999999,1.1660889029502868,-0.007320243120193482,17.885163593292237
14700,7056480,141,13.46314879,1.1652191877365112,0.018592886999249457,20.35146164894104
14720,7066080,141,13.314515940000001,1.164524793624878,0.006062051653862,40.52185068130493
14740,7075680,141,14.680412530000002,1.1663927793502809,-0.003977575339376926,12.883515429496764
14760,7085280,141,19.09862689,1.1670392870903015,0.011974414438009262,27.217327690124513
14780,7094880,141,19.28594063,1.1667664408683778,-0.005573669821023941,40.03365001678467
14800,7104480,141,14.535539829999998,1.1667412519454956,0.0024131610058248042,47.893408584594724
14820,7114080,141,16.53147954,1.166600799560547,-0.007382558286190033,16.218432998657228
14840,7123680,141,12.526539629999997,1.1672050952911377,-0.009455483494093642,44.89050140380859
14860,7133280,141,11.72291198,1.1678109765052795,0.00423063532798551,29.993501472473145
14880,7142880,141,8.75162669,1.16664320230484,0.0027845799922943115,16.76822018623352
14900,7152480,141,6.027141370000001,1.1677892208099365,0.009660381078720092,15.820572853088379
14920,7162080,141,7.989990860000001,1.1683788657188416,0.0013071099296212197,7.504557275772095
14940,7171680,141,11.547946959999999,1.1668564796447753,-2.9478222131729124e-06,26.017896270751955
14960,7181280,141,9.55091863,1.1670897603034973,-0.004663364216685295,20.428092384338377
14980,7190880,141,6.008623540000001,1.167304241657257,0.014323694969061763,46.504441261291504
15000,7200480,141,6.412879830000001,1.1669891238212586,0.008873724564909934,15.199001741409301
15020,7210080,141,7.04265625,1.1679273128509522,0.003644700348377228,29.945954608917237
15040,7219680,141,10.422097039999999,1.1677369117736816,-0.000408075749874115,21.684621334075928
15060,7229280,141,11.699971580000003,1.1674579501152038,0.008655424497555941,36.550456809997556
15080,7238880,141,7.40405857,1.167399525642395,0.0019105898216366767,38.68296890258789
15100,7248480,141,9.02724541,1.16773179769516,-0.002874703332781792,22.84813709259033
15120,7258080,141,9.935076180000001,1.1700823187828064,0.0010481645353138448,11.412611973285674
15140,7267680,141,6.66393029,1.1697025656700135,-0.005022003874182701,9.41067898273468
15160,7277280,141,8.31801949,1.1698126554489137,7.474916055798531e-05,33.40903043746948
15180,7286880,141,9.49861849,1.1693485498428344,0.010092840809375048,20.0840802192688
15200,7296480,141,11.58527811,1.169446063041687,0.0016419436782598496,18.53508815765381
15220,7306080,141,12.087089369999996,1.1690935850143434,-0.0021223053336143494,14.179142332077026
15240,7315680,141,11.217189090000002,1.1702770829200744,0.00851153302937746,44.079362106323245
15260,7325280,141,14.799367690000002,1.1700034856796264,0.0032647013664245605,12.861869192123413
15280,7334880,141,9.19087394,1.1700792193412781,0.005782531364820898,20.028492879867553
15300,7344480,141,7.15758047,1.170103657245636,0.008878006786108016,24.761174535751344
15320,7354080,141,5.346032470000003,1.169714105129242,0.0027700670063495634,43.07498397827148
15340,7363680,141,9.56144656,1.1691359877586365,0.014586634561419487,29.348384952545167
15360,7373280,141,8.530811300000003,1.1705137729644775,0.0031321141868829727,34.58779926300049
15380,7382880,141,14.855468349999999,1.1697134733200074,0.007747733872383833,19.586885261535645
15400,7392480,141,13.274378909999998,1.1702126741409302,0.012960308417677879,54.48992137908935
15420,7402080,141,10.66004649,1.1701307415962219,0.00041915646761481185,24.08891658782959
15440,7411680,141,12.173703019999998,1.1695698618888855,-0.008761950396001339,9.76748833656311
15460,7421280,141,15.884081680000001,1.169576394557953,0.010220007225871085,37.293579483032225
15480,7430880,141,14.636842170000001,1.1706076860427856,-0.005576134100556374,25.519573497772218
15500,7440480,141,12.402366100000002,1.1710823893547058,0.003686559945344925,12.821295869350433
15520,7450080,141,12.23188281,1.170727586746216,-0.011923623771872371,17.77322678565979
15540,7459680,141,17.488111609999997,1.1699620485305786,-0.0007400693371891976,13.163746190071105
15560,7469280,141,17.58439086,1.1696879506111144,-0.0055001027882099155,1.737319791316986
15580,7478880,141,16.7114365,1.1691704154014588,-0.002801903523504734,2.214804822206497
15600,7488480,141,10.7805645,1.1702606916427611,-0.00045171603560447695,39.51642837524414
15620,7498080,141,6.877259200000002,1.169971525669098,0.005252356082201004,30.543314075469972
15640,7507680,141,14.393055559999999,1.1704026103019713,0.001020440086722374,12.867891359329224
15660,7517280,141,11.798812550000001,1.1711546301841735,-0.008979689539410174,3.9026291847229
15680,7526880,141,14.82676759,1.171466314792633,-0.0012022292241454125,17.025371837615968
15700,7536480,141,13.92460645,1.1721062898635863,-0.009268456697463989,1.3692001223564148
15720,7546080,141,14.96615001,1.1719588398933412,-0.006217771302908659,28.42900629043579
15740,7555680,141,16.86313516,1.1722524642944336,-0.008790454943664372,1.889144891500473
15760,7565280,141,19.248807030000002,1.1702319145202638,-0.0033292382955551147,7.9116165220737455
15780,7574880,141,15.69316749,1.1701575875282288,-0.0035714111872948706,29.56612747311592
15800,7584480,141,15.535844000000003,1.1704706788063048,-0.00048793499590829017,24.23344750404358
15820,7594080,141,11.393317970000004,1.1693147778511048,0.0007133291626814752,33.79465808868408
15840,7603680,141,15.324425580000002,1.169273054599762,-0.010394896939396858,18.49154043197632
15860,7613280,141,16.56200991,1.16922869682312,-0.011005646176636219,16.067899703979492
15880,7622880,141,8.570204769999998,1.170210349559784,-0.0016397185623645782,41.01626033782959
15900,7632480,141,15.431829129999999,1.1702744126319886,-0.0050216464325785635,16.11769061088562
15920,7642080,141,10.983360849999999,1.1710583806037902,-0.0009937852621078492,25.96335928440094
15940,7651680,141,8.09152127,1.1720919132232666,-0.0005317972507327795,28.098115348815917
15960,7661280,141,12.54511294,1.1719608426094055,-0.00287429504096508,36.245839309692386
15980,7670880,141,13.266649030000002,1.171405816078186,-0.004053900390863419,14.466629934310912
16000,7680480,141,10.12056323,1.1723415851593018,0.00730535602197051,17.786134719848633
16020,7690080,141,11.91402802,1.1724890351295472,-1.780986785888672e-05,23.763945436477663
16040,7699680,141,13.17965933,1.1730533480644225,-0.002810889482498169,23.31315392255783
16060,7709280,141,15.119756540000001,1.1728161334991456,0.00023929879534989595,15.285787713527679
16080,7718880,141,10.447850670000001,1.1733478426933288,-0.006151994317770004,22.834300231933593
16100,7728480,141,13.94479261,1.1739637017250062,-0.01002633988391608,7.9778119921684265
16120,7738080,141,12.853178609999997,1.1737006783485413,-0.0031984031200408937,20.467410469055174
16140,7747680,141,11.732946560000006,1.1733089804649353,0.0018416739534586669,14.273100137710571
16160,7757280,141,10.2206539,1.1728788018226624,-0.005164355784654617,8.515322089195251
16180,7766880,141,13.091477939999997,1.1717179775238038,-0.004927840863820166,10.408229160308839
16200,7776480,141,11.503676760000001,1.1717267155647277,0.0019230345729738473,7.42624785900116
16220,7786080,141,12.305675370000003,1.1707577466964723,-0.00474417507648468,8.9261465549469
16240,7795680,141,13.883888100000002,1.1718525290489197,0.0029922871850430965,8.430653202533723
16260,7805280,141,16.677933069999998,1.1721598148345946,-0.011876333691179752,20.21673364639282
16280,7814880,141,17.11684725,1.17160507440567,-0.004846773017197848,17.482518637180327
16300,7824480,141,16.483603839999997,1.1725481867790222,0.003304952383041382,32.3511459350586
16320,7834080,141,8.993760080000001,1.1720624566078186,-0.0033181991428136827,45.31722650527954
16340,7843680,141,10.073049609999998,1.1725726842880249,0.00037043262273073196,12.435164403915405
16360,7853280,141,15.088812049999996,1.1718341708183289,-0.0017545431852340697,12.526658594608307
16380,7862880,141,16.355849520000003,1.172394871711731,-0.011733361892402172,15.232762360572815
16400,7872480,141,13.025535720000002,1.1732335209846496,0.006510966643691063,63.583594512939456
16420,7882080,141,4.99508475,1.173234486579895,0.0006696544587612152,23.96158151626587
16440,7891680,141,3.38035679,1.1735400319099427,0.0015339910984039306,24.11821241378784
16460,7901280,141,10.819042300000001,1.174104905128479,-0.0073548898100852965,25.085364198684694
16480,7910880,141,12.106076810000001,1.1739609360694885,-0.00901618916541338,14.916343629360199
16500,7920480,141,13.531196979999999,1.1748173117637635,0.0036668188869953154,36.26873178482056
16520,7930080,141,17.178126100000004,1.175173318386078,0.0025727150961756705,32.66641645431518
16540,7939680,141,11.567173550000001,1.1751605033874513,-0.004971546307206154,16.775846338272096
16560,7949280,141,11.843701369999998,1.1751988649368286,0.0016806376224849373,25.289428687095644
16580,7958880,141,14.293432880000001,1.1743651390075684,-0.0022980152629315854,32.55842761993408
16600,7968480,141,11.464358390000003,1.1745692491531372,0.0025912239216268063,21.83730731010437
16620,7978080,141,13.45121327,1.1758248567581178,0.008594097197055816,24.42496774196625
16640,7987680,141,8.802930230000001,1.1759203791618347,0.007685687206685543,14.348799300193786
16660,7997280,141,11.14522258,1.1766791582107543,-0.0023532310500741006,18.21099762916565
16680,8006880,141,12.52959508,1.1769402384757996,-0.008020844589918853,9.73764066696167
16700,8016480,141,11.796910430000002,1.1764913558959962,0.0005755145102739334,20.07964882850647
16720,8026080,141,16.921110419999998,1.1767812848091126,-0.0026131368242204188,8.590243911743164
16740,8035680,141,12.545774339999998,1.1767578721046448,-0.006315238587558269,10.273089528083801
16760,8045280,141,18.73082906,1.177335011959076,-0.0033917151391506194,21.906755805015564
16780,8054880,141,16.92005129,1.1770419478416443,-0.004117309674620628,22.74093803167343
16800,8064480,141,17.36868884,1.1765780448913574,0.003556161094456911,7.924328684806824
16820,8074080,141,14.42890703,1.1762340903282165,0.014646716229617596,29.106682586669923
16840,8083680,141,18.06266576,1.1753837704658507,-0.004877331852912903,24.682298564910887
16860,8093280,141,19.774420820000003,1.1744927406311034,-0.011000194773077964,0.988554185628891
16880,8102880,141,12.170040880000002,1.1747825026512146,0.0006427221000194549,14.951423048973083
16900,8112480,141,15.60370099,1.1742796301841736,0.001038407301530242,35.8154354095459
16920,8122080,141,18.65456856,1.1733803629875184,-0.00844620242714882,1.4333448886871338
16940,8131680,141,17.73618243,1.173237109184265,-0.006761698808986694,3.098798859119415
16960,8141280,141,19.10498877,1.1723910927772523,0.000496688112616539,14.146345275640488
16980,8150880,141,14.42526236,1.172379744052887,-0.003745907172560692,10.5582706451416
17000,8160480,141,17.286393939999996,1.1731833934783935,-0.008115759864449502,2.0063250184059145
17020,8170080,141,16.73763582,1.1722070813179015,-0.002615675702691078,24.03161973953247
17040,8179680,141,17.19974935,1.1731947660446167,-0.00101829394698143,37.320009756088254
17060,8189280,141,14.401090810000001,1.1733328104019165,-0.008734508603811263,34.61329326629639
17080,8198880,141,17.32057076,1.1738199949264527,-0.008396453410387038,14.058175587654114
17100,8208480,141,20.48054357,1.173619306087494,-0.0036863058805465697,13.510675114393234
17120,8218080,141,19.008292850000004,1.173531174659729,-0.007640493661165237,12.466871953010559
17140,8227680,141,14.481813850000004,1.1735284805297852,0.004438567254692316,29.412211227416993
17160,8237280,141,20.581008660000002,1.1733727216720582,-0.001804163306951523,9.370616972446442
17180,8246880,141,19.57376494,1.1728891611099244,-0.004543441231362522,16.825846832990646
17200,8256480,141,16.28721382,1.1733633875846863,0.0038067941437475382,17.85618590116501
17220,8266080,141,15.401122269999998,1.1739526033401488,-0.012969277799129486,27.75792121887207
17240,8275680,141,19.385010279999996,1.1738178968429565,0.027174736186861993,44.359524154663085
17260,8285280,141,15.29872242,1.1744316577911378,-0.010677863471210003,3.9656087428331377
17280,8294880,141,17.739509,1.1729776501655578,0.0008803099393844604,10.515742182731628
17300,8304480,141,22.015049549999993,1.1722027897834777,-0.0057793065905570986,25.509045124053955
17320,8314080,141,17.70463742,1.170962393283844,-0.0044966572895646095,30.689283740520477
17340,8323680,141,19.970718689999998,1.170460045337677,0.015934468992054463,14.087220853567123
17360,8333280,141,16.86600731,1.170165979862213,-0.008487769961357116,8.346749252080917
17380,8342880,141,17.87013217,1.1693941831588746,-0.00717071183025837,15.366742801666259
17400,8352480,141,20.706628969999997,1.1685750365257264,-0.0097584837814793,0.9434746742248535
17420,8362080,141,15.880029760000003,1.1686623096466064,-0.00456710159778595,17.03393236398697
17440,8371680,141,17.58499269,1.1685062885284423,-0.005342238955199719,18.58862543106079
17460,8381280,141,19.62622735,1.168858575820923,0.012154607474803925,8.750097900629044
17480,8390880,141,15.61515897,1.1685104489326477,-0.010541441291570664,41.730960083007815
17500,8400480,141,16.799631530000003,1.169091260433197,0.0023106349632143973,33.025413799285886
17520,8410080,141,14.322399509999999,1.168921434879303,-0.007527109235525131,32.39662787914276
17540,8419680,141,14.55039557,1.168559467792511,0.003745952434837818,14.896658885478974
17560,8429280,141,16.0415322,1.1687803387641906,0.0063050460070371624,16.212160444259645
17580,8438880,141,13.699881130000001,1.1685875058174133,0.0028218552470207214,58.20077838897705
17600,8448480,141,12.58902376,1.1682686686515809,-0.0009843222796916962,32.42365283966065
17620,8458080,141,20.416034739999997,1.1683086991310119,-0.004821640253067016,6.730760645866394
17640,8467680,141,15.355531120000002,1.1676619887351989,0.0037650711834430694,20.01393985748291
17660,8477280,141,10.941689039999998,1.1677260637283324,-0.0011097539216279983,19.179133343696595
17680,8486880,141,13.22381997,1.166888451576233,-0.007051253318786621,6.328190600872039
17700,8496480,141,16.49961651,1.1672861695289611,-0.012030023336410522,1.183932477235794
17720,8506080,141,15.87538639,1.165992271900177,0.003112586587667465,40.95839269161225
17740,8515680,141,15.881911070000001,1.1649781703948974,-0.011752475053071976,26.179169511795045
17760,8525280,141,16.71703584,1.1656810998916627,-0.0027392566204071044,30.04262638092041
17780,8534880,141,16.81645885,1.1663886904716492,0.000964653491973877,13.03773409128189
17800,8544480,141,15.027839860000002,1.165644633769989,-0.00952780842781067,11.166963124275208
17820,8554080,141,16.55821449,1.1655802607536316,-0.012337131798267365,12.362505435943604
17840,8563680,141,18.914047540000002,1.1664062857627868,-0.006075370870530605,26.03038990497589
17860,8573280,141,16.16950718,1.1674792051315308,2.1055340766906738e-05,15.136003255844116
17880,8582880,141,19.15135737,1.1670775651931762,-0.007117119058966637,1.6717685759067535
17900,8592480,141,17.18048506,1.1672470569610596,-0.006963851768523455,35.215842628479
17920,8602080,141,18.05499264,1.1676279425621032,-0.0075852502137422565,1.4988683015108109
17940,8611680,141,15.244433140000002,1.167832863330841,-0.006848678737878799,20.60005741119385
17960,8621280,141,16.778787570000002,1.1677924513816833,-0.005710640968754887,6.560200572013855
17980,8630880,141,13.69000538,1.1680873394012452,0.016254380252212285,14.678866481781006
18000,8640480,141,11.11287883,1.168106997013092,0.001405053213238716,20.55235242843628
18020,8650080,141,11.535470560000004,1.1687983870506287,-0.004282907396554947,26.04652907848358
18040,8659680,141,16.39144748,1.1673447370529175,-0.0038048809394240378,21.177776050567626
18060,8669280,141,17.48571077,1.1670135498046874,0.0027548208832740783,9.346026265621186
18080,8678880,141,21.14281822,1.1683692932128906,-0.012134551256895065,27.217777824401857
18100,8688480,141,16.358612669999996,1.1678653359413147,0.015533390827476979,20.814004945755006
18120,8698080,141,14.085042880000001,1.166999638080597,-0.0055997736752033235,17.923853874206543
18140,8707680,141,10.912104180000002,1.168612790107727,0.0033876745495945216,7.65591778755188
18160,8717280,141,21.03555977,1.1675605535507203,-0.014956893026828766,6.297967374324799
18180,8726880,141,16.60293417,1.1685132026672362,0.0012361522763967513,23.503417694568633
18200,8736480,141,15.996488499999998,1.1680041909217835,-0.003675791248679161,12.267861348390579
18220,8746080,141,18.208603789999998,1.1698095679283143,-0.0016347259283065797,9.225548791885377
18240,8755680,141,17.80724205,1.1700398325920105,-0.0019374057650566102,24.96232787966728
18260,8765280,141,13.779310129999999,1.1706966876983642,-0.009040492097847163,14.480534744262695
18280,8774880,141,16.43632179,1.1704574942588806,-0.006877903640270233,9.162259384989738
18300,8784480,141,18.221397709999998,1.1708573818206787,0.004346059262752533,16.901995754241945
18320,8794080,141,19.2053021,1.169598937034607,0.0017985474318265916,13.972525835037231
18340,8803680,141,16.824792650000003,1.1704091787338258,0.016464855149388315,28.777551412582397
18360,8813280,141,21.374027600000005,1.1708524823188782,0.003747156262397766,12.47776701450348
18380,8822880,141,20.56679778,1.1718895316123963,-0.012251954711973666,0.7225419610738755
18400,8832480,141,16.601121839999998,1.1723345160484313,-0.004476957023143768,38.05390615463257
18420,8842080,141,14.64115159,1.1724578976631164,0.005121389450505376,30.347217082977295
18440,8851680,141,13.922159580000002,1.1730700492858888,-0.0011871043592691422,22.909394836425783
18460,8861280,141,14.16018226,1.172552728652954,0.0049409568309783936,20.96048460006714
18480,8870880,141,14.06055453,1.1729177474975585,-0.0003678504377603531,36.917483520507815
18500,8880480,141,15.383862210000002,1.172843301296234,-0.005335251241922379,33.106076622009276
18520,8890080,141,16.42468323,1.1743058204650878,-0.007736502401530743,7.921443033218384
18540,8899680,141,19.96095119,1.1733084917068481,-0.005176233872771263,20.124182367324828
18560,8909280,141,21.0990868,1.1732414960861206,0.000559677230194211,6.583547985553741
18580,8918880,141,18.78492096,1.1738919496536255,-0.006750242039561272,2.7937311053276064
18600,8928480,141,15.360350050000001,1.1743871092796325,0.001882961019873619,9.941263854503632
18620,8938080,141,15.413529679999996,1.174363899230957,0.0034061312675476075,15.292382788658141
18640,8947680,141,17.46224143,1.1747695922851562,-0.005913415088434704,19.361389029026032
18660,8957280,141,16.872411420000002,1.1748312354087829,2.0649749785661697e-06,12.063023138046265
18680,8966880,141,19.85938058,1.1752580165863038,-0.0034733857959508897,26.698095893859865
18700,8976480,141,18.0573331,1.1745428919792176,-0.004300955310463905,19.78906614780426
18720,8986080,141,18.96563578,1.1727989673614503,-0.00588558167219162,7.406877461075783
18740,8995680,141,16.901301529999998,1.17303067445755,0.00409332662820816,16.379694008827208
18760,9005280,141,19.148075760000005,1.1730512380599976,-0.0046483402140438555,26.683534693717956
18780,9014880,141,16.437349949999998,1.1719699382781983,0.0005526270717382431,25.214611434936522
18800,9024480,141,13.42858,1.1714004397392273,-0.004527301341295242,13.30560531616211
18820,9034080,141,16.76333522,1.1725577116012573,-0.01148035079240799,15.38148900270462
18840,9043680,141,15.480854369999998,1.1724596619606018,-0.006314293527975678,26.480354356765748
18860,9053280,141,15.26883471,1.171728253364563,-0.003839442878961563,34.26750812530518
18880,9062880,141,20.717728070000003,1.1709336280822753,-0.009724992513656616,25.449559020996094
18900,9072480,141,15.5512768,1.1705244779586792,0.011209332942962646,35.49486413002014
18920,9082080,141,16.56884606,1.1711881279945373,-0.004653926566243171,26.183684086799623
18940,9091680,141,16.82735136,1.1700500965118408,-0.000494074821472168,9.225201380252837
18960,9101280,141,17.229006220000002,1.170462441444397,-0.008401112258434295,14.533841514587403
18980,9110880,141,15.02393171,1.1710557222366333,-0.008238344825804234,4.173121082782745
19000,9120480,141,17.733250950000002,1.1720662593841553,-0.008486069971695542,30.18804121017456
19020,9130080,141,20.978505600000002,1.1711703777313232,-0.004286473989486695,14.88872742652893
19040,9139680,141,21.52975074,1.171626579761505,-0.018803807348012923,1.4434252202510833
19060,9149280,141,21.83035186,1.1700994491577148,-0.009392500668764115,10.362303763628006
19080,9158880,141,23.28828819,1.1694547891616822,-0.0061402801424264904,7.6089771568775175
19100,9168480,141,15.91491759,1.1693697452545166,-0.006246094079688192,28.18586027622223
19120,9178080,141,16.560980989999997,1.169596517086029,-0.004500416666269302,13.600053238868714
19140,9187680,141,13.697836010000003,1.1698813080787658,0.007306266577506904,24.778925323486327
19160,9197280,141,12.37639517,1.170491337776184,-0.0010672159492969512,19.598797833919527
19180,9206880,141,12.031441730000004,1.1701043725013733,0.003040502220392227,28.636055088043214
19200,9216480,141,13.244851149999999,1.1708275079727173,-0.010667409840971231,33.92228527069092
19220,9226080,141,11.38138584,1.1721667766571044,-0.007596477447077632,31.365376281738282
19240,9235680,141,15.65478644,1.1718861222267152,0.0034692373126745226,8.977851295471192
19260,9245280,141,15.972533220000004,1.1714226245880126,-0.004261376988142729,33.066251850128175
19280,9254880,141,13.844257809999998,1.1715643525123596,-0.004525484144687652,16.728806579113005
19300,9264480,141,17.821666480000005,1.171260380744934,-0.004264633636921644,15.264318656921386
19320,9274080,141,17.10421512,1.169762420654297,0.010064079985022545,18.820030772686003
19340,9283680,141,17.391075530000002,1.1701974034309388,-0.009985114634037017,1.805224683880806
19360,9293280,141,17.207701150000002,1.1715934157371521,-0.006636146397795528,28.03485417366028
19380,9302880,141,19.25544301,1.1720341086387633,0.003509025275707245,12.039492440223693
19400,9312480,141,14.67915581,1.1716542482376098,0.0049410294741392136,17.74508144855499
19420,9322080,141,14.458140129999999,1.1714446067810058,0.029120047646574675,34.61102237701416
19440,9331680,141,21.31974326,1.1721240639686585,-0.00781708098948002,3.9023868799209596
19460,9341280,141,14.89067601,1.1716761112213134,-0.006914445012807846,16.80632700920105
19480,9350880,141,14.147361260000002,1.1719855427742005,0.0013111494481563568,30.74455746412277
19500,9360480,141,12.594790090000002,1.1724079966545105,-0.006216691434383392,24.57372173666954
19520,9370080,141,6.843817959999999,1.1724673867225648,0.0326941835694015,33.93053207397461
19540,9379680,141,10.92873285,1.1729076385498047,-0.010765405744314194,4.166635012626648
19560,9389280,141,17.47922261,1.1730297684669495,-0.006789056584239006,7.982763862609863
19580,9398880,141,14.492054070000002,1.173010790348053,-0.006628483906388283,21.927663385868073
19600,9408480,141,13.764555800000004,1.172806978225708,-0.005315061286091804,16.932332515716553
19620,9418080,141,18.691463210000002,1.1723245859146119,0.008795079868286848,15.798329532146454
19640,9427680,141,14.924746799999998,1.1722729921340942,0.002603759616613388,20.805549907684327
19660,9437280,141,19.036366280000003,1.1713370561599732,0.007834150595590473,28.7047935962677
19680,9446880,141,15.53186342,1.1716565370559693,-0.0027561232447624205,25.496523571014404
19700,9456480,141,18.673185200000002,1.1731905102729798,0.0033149003982543947,7.77925032377243
19720,9466080,141,20.37568203,1.1740996479988097,-0.0007813416421413421,20.27146944999695
19740,9475680,141,11.635688740000003,1.1733243107795714,-0.0038474212400615216,32.70002689361572
19760,9485280,141,18.92922644,1.1733970522880555,-0.010510190948843956,12.875133419036866
19780,9494880,141,17.91307073,1.1732788801193237,-0.004754322767257691,27.635908603668213
19800,9504480,141,17.153779049999997,1.1745869994163514,-0.00481393001973629,12.265091270208359
19820,9514080,141,18.364767200000003,1.1752991914749145,0.0009839369915425778,9.195607447624207
19840,9523680,141,18.52905729,1.175578224658966,0.009199993312358856,10.325717186927795
19860,9533280,141,19.65794547,1.1761521697044373,-0.002879504859447479,30.850710582733154
19880,9542880,141,17.51065452,1.1758876204490663,-0.0029728829860687254,9.425337618589401
19900,9552480,141,12.32543091,1.1768779158592224,0.001404879242181778,19.9822407245636
19920,9562080,141,15.32523547,1.176295852661133,-0.0017639499623328448,9.636532163619995
19940,9571680,141,15.8208972,1.1765865325927733,0.0024307743646204472,34.21884515285492
19960,9581280,141,15.68732869,1.1765969157218934,-0.00309798764064908,35.23710765838623
19980,9590880,141,16.917179469999997,1.1770012140274049,0.006545097008347512,35.20976619720459
20000,9600480,141,15.490584160000003,1.176864790916443,-0.0016011223196983337,36.80881614685059
20020,9610080,141,20.087400540000004,1.1768738865852355,-0.003787120431661606,9.331042301654815
20040,9619680,141,24.073302939999998,1.1760258793830871,-0.009035368263721467,1.5631231784820556
20060,9629280,141,22.17318475,1.175066304206848,-0.013112585619091987,1.2760814607143403
20080,9638880,141,23.69010542,1.1756420850753784,-0.008860711753368378,11.584398531913758
20100,9648480,141,24.06213339,1.175862693786621,-0.002783395256847143,18.639320653676986
20120,9658080,141,22.71263273,1.1752737283706665,-0.00831182226538658,9.245542159676551
20140,9667680,141,19.49536155,1.1746113538742065,-0.0022063937038183214,17.411180114746095
20160,9677280,141,21.875086770000003,1.1757780194282532,-0.00967472530901432,10.266702055931091
20180,9686880,141,22.116358880000007,1.1748380661010742,-0.007973224762827158,1.0079948037862778
20200,9696480,141,19.895887050000002,1.1745537042617797,-0.005561442673206329,15.550198811292649
20220,9706080,141,18.00862502,1.1757423281669617,-0.0023083926513209007,6.35742701292038
20240,9715680,141,24.600346899999998,1.1736371040344238,-0.006980693945661187,1.3485707700252534
20260,9725280,141,20.5994222,1.1722843289375304,-0.01022147834300995,10.322998282313346
20280,9734880,141,17.6768077,1.1729436755180358,0.0007300160825252533,7.63490514755249
20300,9744480,141,22.41371884,1.1720550775527954,-0.006798607856035232,2.1018722355365753
20320,9754080,141,19.068767629999996,1.1714497685432435,-0.005811245273798704,12.910580110549926
20340,9763680,141,19.5098754,1.1725013732910157,-0.012046792497858404,1.078970205783844
20360,9773280,141,17.89690895,1.1722898602485656,0.00366593599319458,27.7467134475708
20380,9782880,141,24.165849629999997,1.1710036873817444,-0.01226583644747734,0.9434520363807678
20400,9792480,141,21.130731849999997,1.170534908771515,0.006703785480931401,19.313415622711183
20420,9802080,141,19.02484459,1.1704043626785279,-0.009153572469949722,15.191699707508088
20440,9811680,141,20.7345525,1.1701046705245972,-0.0015930539462715386,3.447029161453247
20460,9821280,141,22.832032899999998,1.1694745421409607,-0.009495387598872185,8.261920648813248
20480,9830880,141,20.68876479,1.1684288740158082,-0.00496941008605063,39.06998815536499
20500,9840480,141,20.324401489999996,1.1667770385742187,-0.013038055133074522,4.4926763594150545
20520,9850080,141,21.81470532,1.1651721835136413,-0.006594035774469376,12.192563813924789
20540,9859680,141,21.673381290000002,1.1648322343826294,-0.020752443745732308,0.6019970148801803
20560,9869280,141,18.77415911,1.1645575642585755,-0.011304928176105022,1.6593019008636474
20580,9878880,141,18.392343300000004,1.1643494367599487,0.007275236817076802,47.166002655029295
20600,9888480,141,20.3503792,1.1638921856880189,-0.011558909434825182,15.08023772239685
20620,9898080,141,22.076866830000007,1.1633657574653626,-0.0051095071248710155,1.2753684639930725
20640,9907680,141,21.452194220000003,1.1624022364616393,-0.00044962712563574315,18.685320216417313
20660,9917280,141,20.76036753,1.1623281598091126,-0.006260782480239868,12.857348877191544
20680,9926880,141,20.51135846,1.1624658584594727,-0.0032545844092965125,1.848458504676819
20700,9936480,141,21.60579661,1.1612532615661622,-0.010333549231290817,8.736166405677796
20720,9946080,141,19.376552630000003,1.1609219431877136,-0.011054630624130368,2.491464212536812
20740,9955680,141,19.27593863,1.160159945487976,-0.007243564072996378,5.690120989084244
20760,9965280,141,19.04720617,1.1598542094230653,0.006173874437808991,40.67348259985447
20780,9974880,141,18.78031924,1.1592980861663817,-0.0034722299315035343,19.52460834980011
20800,9984480,141,14.37512212,1.1587736487388611,0.01478494581533596,36.1924955368042
20820,9994080,141,15.45393947,1.1588704109191894,-0.008069024980068206,18.721509808301924
20840,10003680,141,17.18759635,1.1602647662162782,-0.007339602708816529,26.597801208496094
20860,10013280,141,19.07727852,1.1614309549331665,-0.004369934648275375,16.762221133708955
20880,10022880,141,19.757905779999998,1.1624998092651366,-0.01262430176138878,0.953978356719017
20900,10032480,141,16.74020352,1.1619799852371215,-0.00822395458817482,17.17082748413086
20920,10042080,141,18.96476748,1.1634449124336244,-0.003248712420463562,22.794562530517577
20940,10051680,141,19.21050211,1.1633827686309814,-0.019101078261155636,13.151998817920685
20960,10061280,141,21.67428206,1.163168489933014,-0.009796314127743243,1.2833307981491089
20980,10070880,141,20.14303396,1.1624953866004943,-0.008010075986385345,14.072316110134125
21000,10080480,141,15.956158519999999,1.1633268475532532,-0.0015865176916122436,24.125288105010988
21020,10090080,141,8.85780548,1.1643314003944396,-0.007792702317237854,28.952707201242447
21040,10099680,141,10.86945666,1.1644540786743165,0.022451526671648025,22.98480405807495
21060,10109280,141,12.388060959999997,1.165167760848999,-0.0002723868936300278,17.12881486415863
21080,10118880,141,13.22244985,1.164927351474762,0.0004418233409523964,34.70889978408813
21100,10128480,141,9.45420171,1.1650538682937621,-0.004397264495491981,8.600615382194519
21120,10138080,141,17.950293639999998,1.1652410507202149,-0.004972704686224461,6.334862506389618
21140,10147680,141,10.602047259999999,1.1647946119308472,0.0038637779653072357,22.834995126724245
21160,10157280,141,9.60829931,1.1646118760108948,0.00019036736339330673,39.76626257896423
21180,10166880,141,9.127010680000001,1.1651391506195068,-0.0007804460823535919,21.90110487937927
21200,10176480,141,8.860682229999998,1.1655432343482972,-0.004495732113718986,27.56446008682251
21220,10186080,141,12.501903799999997,1.1650354266166687,-0.005538643896579742,12.36477289199829
21240,10195680,141,14.68871496,1.1635730147361756,0.005959086492657662,17.63178107738495
21260,10205280,141,14.948642839999998,1.1639798164367676,0.003568674623966217,4.456365442276001
21280,10214880,141,14.175944089999998,1.1631734848022461,-0.005462680570781231,12.898324489593506
21300,10224480,141,15.616072159999998,1.1626060247421264,-0.006497351219877601,12.514952898025513
21320,10234080,141,10.893840759999998,1.1619181871414184,0.004010754672344774,25.873917961120604
21340,10243680,141,13.647532200000002,1.1614942312240601,0.0007075279951095581,23.249412536621094
21360,10253280,141,16.36584129,1.1605717658996582,-0.011793388426303864,11.827944552898407
21380,10262880,140,14.38906339,1.159523642063141,-0.0004586927592754364,22.796697163581847
21400,10272480,141,13.9436451,1.1602439045906068,-0.0009859431185759604,34.71618566513062
21420,10282080,141,23.545706340000002,1.1607488632202148,-0.018176011741161346,6.968848234415054
21440,10291680,140,17.93283442,1.160939884185791,-0.0009491600096225739,12.206315338611603
21460,10301280,140,17.714956549999997,1.1606166124343873,0.000608530268073082,4.312874329090119
21480,10310880,141,13.31582087,1.1615136742591858,-0.0009764455258846283,31.990943253040314
21500,10320480,141,13.88787151,1.1614144802093507,-0.006595300883054734,19.661069107055663
21520,10330080,141,16.911343969999997,1.1615416288375855,-0.007175675034523011,19.501001954078674
21540,10339680,141,15.851879699999994,1.161364531517029,0.00134620230528526,12.216644251346588
21560,10349280,141,17.384914199999997,1.1615947246551515,-0.0021764524281024933,13.471896451711654
21580,10358880,141,12.190562910000004,1.1616134524345398,-0.002050821483135223,20.933867835998534
21600,10368480,141,8.91617241,1.161574375629425,-0.008330827951431275,33.97254781723022
21620,10378080,141,8.82865488,1.1622606277465821,0.009384200535714626,22.13266191482544
21640,10387680,141,12.780093399999998,1.1624141454696655,-0.0015743568539619446,14.855589675903321
21660,10397280,141,13.78163433,1.162658417224884,-0.005393525213003158,7.99908676147461
21680,10406880,141,11.29521626,1.162837767601013,-0.0018809642642736435,32.62078835964203
21700,10416480,140,11.57943603,1.1630699396133424,-0.0010502053424715995,14.171261882781982
21720,10426080,140,16.45226787,1.1638479590415955,-0.002382672019302845,16.96399176120758
21740,10435680,141,11.81038552,1.1647940635681153,-0.012216228246688842,18.15159330368042
21760,10445280,141,11.14432366,1.1652484774589538,-0.006480205059051514,20.994536113739013
21780,10454880,140,11.380294110000001,1.1641446590423583,0.02169249430298805,39.88781547546387
21800,10464480,140,16.455301470000002,1.1633574724197389,-0.003980113193392754,17.594594073295593
21820,10474080,140,20.46600244,1.1631428122520446,-0.005142057687044144,19.39835603237152
21840,10483680,140,14.45358158,1.162825095653534,-0.0032769483514130116,31.44304976463318
21860,10493280,140,17.037606750000002,1.1623367547988892,-0.006714389473199844,9.14827663898468
21880,10502880,140,18.53081956,1.1608258485794067,0.0037979461252689362,8.312218368053436
21900,10512480,140,18.061355399999997,1.1603848099708558,-0.002783475071191788,18.596768140792847
21920,10522080,140,16.19372507,1.1600872993469238,0.0031081207096576692,19.488729524612427
21940,10531680,140,17.780681450000003,1.159326469898224,-0.004282471165060997,26.602902793884276
21960,10541280,140,15.945454589999999,1.1583325386047363,-0.013603786565363407,20.62255530357361
21980,10550880,140,17.383786259999994,1.158133614063263,-0.00833935645641759,24.117038345336915
22000,10560480,140,14.893009510000004,1.1579673171043396,-0.008245959132909774,27.12731056213379
22020,10570080,140,17.5443136,1.1575568318367004,-0.0067592945648357276,5.8577985763549805
22040,10579680,140,17.17122226,1.1583038330078126,0.0008535247296094894,36.29342842102051
22060,10589280,140,19.5767741,1.1589751243591309,0.00591535601997748,19.161125904321672
22080,10598880,140,18.18421998,1.1586387515068055,-0.0006486934609711171,14.490762376785279
22100,10608480,140,15.75177721,1.1581639289855956,0.0077517728321254255,14.579965114593506
22120,10618080,140,18.41595985,1.1580865025520324,-0.0011066563427448272,31.48149185180664
22140,10627680,140,19.36906364,1.1579222559928894,-0.0015979340299963952,13.207968735694886
22160,10637280,140,18.86836568,1.1578901171684266,0.003068147599697113,22.38593246936798
22180,10646880,140,19.00503351,1.1578530550003052,-0.012544186413288116,7.502078348398209
22200,10656480,140,17.46315977,1.1568264961242676,-0.00477510392665863,9.63585684299469
22220,10666080,140,13.98869808,1.1555804491043091,0.012402690760791302,24.597696208953856
22240,10675680,140,15.91317151,1.155881440639496,-0.00894412500783801,18.82791609764099
22260,10685280,140,17.83970975,1.155456829071045,-0.002321326732635498,43.148695373535155
22280,10694880,140,19.75220425,1.1563881516456604,-0.010078210290521384,1.405800649523735
22300,10704480,140,20.0563891,1.1555060267448425,-0.004228124581277371,20.845803642272948
22320,10714080,140,13.075266979999999,1.1558664917945862,0.010930100502446295,19.304664134979248
22340,10723680,140,16.24181111,1.1558327794075012,-0.00699956975877285,31.865998369455337
22360,10733280,140,17.05176941,1.155692458152771,0.007489774748682976,13.556628608703614
22380,10742880,140,14.701558280000002,1.1565234422683717,0.004923293716274202,55.193786239624025
22400,10752480,140,16.536657799999997,1.158115530014038,-0.00026135253719985487,30.562144470214843
22420,10762080,140,15.120121650000003,1.1585219979286194,0.006407404039055109,15.998276114463806
22440,10771680,140,13.9436779,1.1591192483901978,-0.0027303129434585573,15.547057151794434
22460,10781280,140,16.96609845,1.1587546825408936,0.0048547394573688505,24.23207097053528
22480,10790880,140,18.20743487,1.1589991450309753,-0.005477898661047221,6.700485438108444
22500,10800480,140,19.012996519999998,1.158149516582489,-0.007146426243707538,10.230157572031022
22520,10810080,140,17.80603125,1.1584563732147217,-0.007621149625629186,4.414045000076294
22540,10819680,140,16.32083016,1.1575716972351073,-0.006213400140404701,6.732408022880554
22560,10829280,140,13.365574040000002,1.1575121521949767,-0.0019734732806682585,10.416790080070495
22580,10838880,140,18.85935872,1.1579874634742737,-0.012884965585544705,12.141041564941407
22600,10848480,140,20.15225285,1.1584782123565673,-0.012800008803606034,21.819046449661254
22620,10858080,140,15.621932129999998,1.1584048867225647,-0.005058787297457457,12.56249566078186
22640,10867680,140,17.28992918,1.1584000945091248,-0.010347706684842705,38.28991146087647
22660,10877280,140,19.82456264,1.1586931347846985,-0.010404558479785919,18.55055148601532
22680,10886880,140,17.03600907,1.1588552355766297,-0.002557127550244331,25.342759680747985
22700,10896480,140,17.530782230000003,1.1590861797332763,-0.006570701778400689,32.295140099525455
22720,10906080,140,16.95001503,1.1591023921966552,-0.008949150145053864,26.1705324947834
22740,10915680,140,15.737321979999997,1.1597647666931152,-0.008573318552225827,2.13445405960083
22760,10925280,140,18.86007181,1.1600550889968873,-0.007236030139029026,2.961866796016693
22780,10934880,140,16.879767639999997,1.1598378777503968,0.0047779478132724765,33.079125213623044
22800,10944480,140,16.94085724,1.1590919017791748,0.0047030247747898105,15.251382172107697
22820,10954080,140,18.33776605,1.159088957309723,-0.0042426206171512605,22.578497958183288
22840,10963680,140,17.87868034,1.1596347332000732,-0.010268423520028592,2.166572904586792
22860,10973280,140,15.663655349999999,1.1603510499000549,-0.007877077534794807,24.79539022445679
22880,10982880,140,11.89979691,1.1604965567588805,-0.009487412311136723,28.48055319786072
22900,10992480,140,8.170000639999998,1.1611382126808167,-0.00693260058760643,58.443993949890135
22920,11002080,140,14.675096799999997,1.1617820262908936,-0.007894370146095753,23.36935701370239
22940,11011680,140,18.21612437,1.161404550075531,0.00636490285396576,9.149764394760131
22960,11021280,140,13.400538350000001,1.1619619727134705,3.682058304548264e-05,29.130828386545183
22980,11030880,140,17.72183957,1.1620705366134643,-0.004384981095790863,6.105443334579467
23000,11040480,140,17.93023308,1.1618857622146606,0.008964326046407223,23.11507216691971
23020,11050080,140,17.81236309,1.1614759922027589,-0.0009124845266342164,10.818433648347854
23040,11059680,140,16.332159809999997,1.1610599875450134,-0.007384768128395081,36.01946706771851
23060,11069280,140,19.38632445,1.161383330821991,-0.004726114496588707,5.0558449029922485
23080,11078880,140,16.502599330000002,1.1609292387962342,0.0046995580196380615,19.395022797584534
23100,11088480,140,19.389836909999996,1.162406313419342,0.01720893494784832,8.062145221233369
23120,11098080,140,19.96056111,1.1626211643218993,-0.009593295492231846,35.59902975559235
23140,11107680,140,22.838630849999994,1.162487530708313,-0.00983859971165657,3.341166055202484
23160,11117280,140,19.22781255,1.1637717247009278,-0.004992814119032118,21.960492038726805
23180,11126880,140,16.292767570000002,1.164731240272522,-0.0026388570666313173,18.053910970687866
23200,11136480,140,18.368576150000003,1.1655722975730896,-0.015066294372081757,1.312205445766449
23220,11146080,140,19.32268335,1.1656704425811768,-0.0036080095916986464,8.53051586151123
23240,11155680,140,17.65821447,1.1657462477684022,-0.0058358334004879,42.45125179290771
23260,11165280,140,14.650045750000002,1.1665014266967773,-0.005353159457445145,16.57853102684021
23280,11174880,140,15.49146869,1.1671605110168457,-0.011286124028265477,16.70116333961487
23300,11184480,140,16.924406310000002,1.1677747964859009,0.004363467544317245,7.263859534263611
23320,11194080,140,15.382837339999998,1.1676951766014099,-5.450844764709473e-06,39.667561781406405
23340,11203680,140,16.98962571,1.168442690372467,-0.008915749366860837,4.329815024137497
23360,11213280,140,18.17706637,1.1683371782302856,-0.008069095760583877,14.018918889760972
23380,11222880,140,22.854059359999997,1.1689185738563537,-0.007056938111782074,11.965152478218078
23400,11232480,140,20.700624429999998,1.167393946647644,-0.005020255409181118,9.751965701580048
23420,11242080,140,13.919847590000002,1.1682712316513062,0.002826878521591425,15.831379699707032
23440,11251680,140,14.712371359999999,1.1694429159164428,-0.001925571821630001,2.6323373436927797
23460,11261280,140,17.036870429999997,1.1706024050712585,0.0037883192300796507,35.58942270278931
23480,11270880,140,17.71484013,1.1716750502586364,0.016294822096824646,28.047815132141114
23500,11280480,140,15.92934612,1.1715256333351136,-0.0002754323184490204,18.3206067442894
23520,11290080,140,17.573734920000003,1.1718682289123534,-0.003757442720234394,26.626518493890764
23540,11299680,140,15.276629390000004,1.1719297647476197,0.00892527336254716,27.176727294921875
23560,11309280,140,16.409153919999998,1.171654212474823,0.007199495285749436,20.41551332473755
23580,11318880,140,16.13952841,1.1715152740478516,0.0035817369818687437,11.391426825523377
23600,11328480,140,17.29892696,1.1717490911483766,-0.009831933490931987,30.72647061944008
23620,11338080,140,19.40385107,1.1711015462875367,-0.0006938140839338302,19.9061048746109
23640,11347680,140,22.055306659999996,1.1712143301963807,0.003077973797917366,2.7598981499671935
23660,11357280,140,17.50459102,1.1692914485931396,-0.00710534006357193,18.767734432220458
23680,11366880,140,16.88405207,1.1709632277488708,-0.01724299043416977,23.606914949417114
23700,11376480,140,21.986746940000003,1.1704978704452516,-0.012382165342569352,6.834924358129501
23720,11386080,140,17.19489516,1.1699557542800902,-0.007940756157040596,10.490420460700989
23740,11395680,140,15.002078200000001,1.1694598078727723,0.0032872600480914117,35.9508171081543
23760,11405280,140,16.21873736,1.1688278079032899,-0.0019582800567150118,21.22409543991089
23780,11414880,140,13.906634009999998,1.1690916538238525,-0.006649592518806457,51.59163856506348
23800,11424480,140,14.25083339,1.1691978216171264,0.001257188618183136,34.66899242401123
23820,11434080,140,12.114847930000002,1.1699915289878846,-0.0023393861949443815,18.14050407409668
23840,11443680,140,12.90651316,1.1703320622444153,-0.0021392181515693665,21.845227336883546
23860,11453280,140,10.86172613,1.170750904083252,-0.0014728309586644172,27.628093910217284
23880,11462880,140,14.51503709,1.1703897953033446,-0.0006068646907806396,18.055865716934203
23900,11472480,140,12.422850949999999,1.1716140985488892,-0.000471269094850868,24.660157203674316
23920,11482080,140,12.525827240000002,1.1713235139846803,-0.008950690925121307,18.633151531219482
23940,11491680,140,15.10978905,1.1712558627128602,0.021998407831415535,21.121114659309388
23960,11501280,140,20.764483229999996,1.1706226587295532,-0.008516878262162209,2.3441952586174013
23980,11510880,140,17.67129239,1.1700231552124023,-0.005134788155555725,19.3968337059021
24000,11520480,140,15.8868958,1.170280361175537,-0.002014975994825363,14.635135984420776
24020,11530080,140,17.564420560000002,1.1705811500549317,-0.008553088456392289,29.601804542541505
24040,11539680,140,16.14854267,1.1701824426651002,-0.001057346910238266,31.902811175584795
24060,11549280,140,17.681481069999997,1.1703502893447877,-0.0017448075115680695,42.864547920227054
24080,11558880,140,14.591473780000001,1.1695091485977174,0.004825058858841658,42.478193855285646
24100,11568480,140,17.51196425,1.168671727180481,-0.013219284266233445,8.25740588903427
24120,11578080,140,12.704507849999997,1.1679470181465148,-0.0018159845843911172,34.49570587873459
24140,11587680,140,13.52378379,1.1682363152503967,-0.0023156240582466125,16.127087485790252
24160,11597280,140,17.290257659999998,1.1677296876907348,0.0009266683831810951,26.780410838127136
24180,11606880,140,15.70437606,1.168120527267456,-0.003879828006029129,17.48653382062912
24200,11616480,140,19.811696450000003,1.169789481163025,-0.0059991255402565,10.506326150894164
24220,11626080,140,21.215931029999997,1.170103096961975,-0.011053309589624406,12.177190327644348
24240,11635680,140,21.283007779999995,1.1702038288116454,0.000991273671388626,16.3351748585701
24260,11645280,140,20.28215681,1.1695415377616882,-0.006574761867523193,31.016802406311037
24280,11654880,140,16.60221224,1.169789457321167,0.00015592128038406373,20.038999938964842
24300,11664480,140,16.569085410000003,1.1694324254989623,-0.0024896323680877685,28.123376965522766
24320,11674080,140,12.54498343,1.16989004611969,-0.003509059175848961,23.78544154167175
24340,11683680,140,12.99423339,1.1701074719429017,-0.013008487597107887,4.290520107746124
24360,11693280,140,16.778583700000002,1.1708285927772522,0.004404797963798046,11.315718626976013
24380,11702880,140,14.183651020000003,1.1713478446006775,0.005440498609095812,32.58731298446655
24400,11712480,140,8.726729,1.1714810132980347,-0.005687377112917602,24.88177897930145
24420,11722080,140,19.42160569,1.171056616306305,-0.004830124042928219,31.746022987365723
24440,11731680,140,15.392804320000003,1.1708325266838073,0.00021531209349632264,18.870110273361206
24460,11741280,140,13.534213530000002,1.1707237482070922,-0.007408598018810153,18.54181652069092
24480,11750880,140,17.790215340000003,1.1709004282951354,-0.004537194222211838,19.189950919151308
24500,11760480,140,19.50985653,1.171195137500763,0.0030927907675504683,4.572667920589447
24520,11770080,140,21.315621619999998,1.171519124507904,-0.007112310081720352,1.3087191939353944
24540,11779680,140,19.750976859999998,1.1712975025177002,0.0024608425796031953,7.494595801830291
24560,11789280,140,21.77355861000001,1.1714993715286255,-0.01733686085790396,1.730221402645111
24580,11798880,140,15.624799770000003,1.171498143672943,-0.013630041480064392,11.634534621238709
24600,11808480,140,14.148580009999998,1.1714179873466493,-0.008986736088991166,14.12305793762207
24620,11818080,140,17.953468280000003,1.171586000919342,4.655718803405762e-05,12.179246139526366
24640,11827680,140,14.732630000000004,1.1721782445907594,0.006126456521451473,25.933481788635255
24660,11837280,140,14.68903949,1.1718410015106202,-0.014243034287937916,19.023011779785158
24680,11846880,140,19.470239399999997,1.1716186165809632,-0.009316552430391312,36.34663906097412
24700,11856480,140,17.69708176,1.1716456294059754,-0.0073658165521919726,31.817847776412965
24720,11866080,140,20.091181430000002,1.172350239753723,-0.009583929041400551,18.218602687120438
24740,11875680,140,16.870993090000002,1.1717321634292603,0.003998014330863953,12.787974286079407
24760,11885280,140,14.965280219999997,1.1729338765144348,-0.0019198723137378692,18.64499216079712
24780,11894880,140,16.69152078,1.1730199575424194,-0.0012873290106654167,16.066484010219575
24800,11904480,140,12.864545590000002,1.1731462121009826,0.0029169916873797775,28.350240850448607
24820,11914080,140,13.18701369,1.1736604571342468,-0.00543623911216855,17.351673626899718
24840,11923680,140,10.654569960000002,1.1743153572082519,0.0007242932915687561,26.04181890487671
24860,11933280,140,19.56174394,1.1741984724998473,-0.005557131301611662,38.23080139160156
24880,11942880,140,15.83423769,1.1740483045578003,-0.0005761586129665375,22.753122448921204
24900,11952480,140,20.405101469999998,1.1752424478530883,-0.009923288971185685,24.13849821090698
24920,11962080,140,16.475784700000006,1.1755478024482726,-0.009878924489021302,17.29707202911377
24940,11971680,140,16.45894277,1.1752607226371765,0.00022281892597675323,34.17898187637329
24960,11981280,140,22.89388831,1.174561333656311,-0.0134434524923563,1.7137608706951142
24980,11990880,140,21.922741270000003,1.1748438358306885,-0.010320151224732399,1.4323181331157684
25000,12000480,140,23.783254980000002,1.1738083600997924,-0.004956472478806972,8.865179243683816
25020,12010080,140,19.67384538,1.1723043084144593,-0.003997277747839689,14.58586156964302
25040,12019680,140,21.69607939,1.1719667434692382,-0.01476765125989914,10.068850427865982
25060,12029280,140,19.453576409999997,1.1717007756233215,-0.0017504945397377014,28.13970789909363
25080,12038880,140,20.17824421,1.1715643286705018,-0.0023999929428100584,30.04993839263916
25100,12048480,140,20.21668089,1.1710689902305602,-0.011220066249370575,14.324959456920624
25120,12058080,140,17.065078130000003,1.1708070755004882,0.0030664116144180297,18.220754623413086
25140,12067680,140,19.499123219999998,1.1709198951721191,-0.009668412851169705,2.791982913017273
25160,12077280,140,19.919455619999997,1.170708382129669,-0.007882201299071311,27.91591320037842
25180,12086880,140,20.214551670000002,1.1701452612876893,-0.0074365496635437015,21.936627197265626
25200,12096480,140,17.67738341,1.1710137367248534,0.007742025563493371,21.02022886276245
25220,12106080,140,12.645291519999999,1.1713639616966247,-0.0079151701182127,22.297793865203857
25240,12115680,140,16.436254860000002,1.170960545539856,-0.009498907625675202,14.491325902938843
25260,12125280,140,19.48083163,1.1708607077598572,-0.0048685729503631595,9.203993964195252
25280,12134880,140,18.89573635,1.1719213604927063,-0.006187974475324154,18.785682702064513
25300,12144480,140,17.1385358,1.1719477415084838,-0.004673518985509872,13.19283367395401
25320,12154080,140,13.84026617,1.1719945788383483,0.0009204424917697906,31.9660942196846
25340,12163680,140,19.29303446,1.1732611417770387,-0.004578658938407898,1.7381363272666932
25360,12173280,140,20.6115688,1.173133170604706,0.0019346699118614197,13.923360335826874
25380,12182880,140,16.26808581,1.1736792206764222,0.003925494756549597,36.098000621795656
25400,12192480,140,15.983980899999999,1.1741871953010559,0.004012756049633026,9.19645544886589
25420,12202080,140,18.05554399,1.1748981595039367,0.006447476893663406,19.09054026603699
25440,12211680,140,13.613776230000001,1.176146650314331,-0.0007518237456679344,5.744695115089416
25460,12221280,140,20.316848119999996,1.1755251288414001,-0.003310190048068762,35.81772747039795
25480,12230880,140,17.56616397,1.1756582736968995,0.00043721571564674376,9.044244801998138
25500,12240480,140,18.12960735,1.175349485874176,0.0008863978087902069,8.82280879020691
25520,12250080,140,19.21038383,1.1746342539787293,-0.015863121300935746,10.079218947887421
25540,12259680,140,20.38932605,1.1754711389541626,-0.02404453307390213,1.009396481513977
25560,12269280,140,18.81691065,1.1747021436691285,0.00040212571620941163,11.224035340547562
25580,12278880,140,22.69441881,1.1734809517860412,-0.005873826146125793,1.9828960597515106
25600,12288480,140,20.81866485,1.1729842901229859,-0.008754557743668557,0.6793693423271179
25620,12298080,140,19.226924089999997,1.1720112204551696,-0.0064394563436508175,11.482362377643586
25640,12307680,140,22.3759361,1.1715792775154115,-0.006098640710115432,10.45256085395813
25660,12317280,140,22.371288890000006,1.17059268951416,-0.006984641402959823,1.2047365307807922
25680,12326880,140,20.888253860000006,1.1691719889640808,-0.013285879325121642,1.9149738430976868
25700,12336480,140,21.813154659999995,1.1681460618972779,-0.014558267034590244,1.7863852322101592
25720,12346080,140,24.515523669999997,1.168310558795929,-0.011569857522772509,17.94274936914444
25740,12355680,140,22.03893829,1.1681944966316222,-0.009588539972901345,7.748379385471344
25760,12365280,140,19.148141179999996,1.1675660133361816,-0.015415402874350548,0.3682974189519882
25780,12374880,140,20.20529315,1.1671383738517762,0.018415775895118714,17.292969167232513
25800,12384480,140,21.540862730000004,1.1672218799591065,-0.007307004928588867,11.252694797515868
25820,12394080,140,21.3878261,1.1671234965324402,-0.010414554737508297,21.321774619817734
25840,12403680,140,23.168541109999996,1.1650242328643798,-0.0027614906430244446,3.138009762763977
25860,12413280,140,21.08070627,1.1633484005928039,-0.009002039581537247,2.776601219177246
25880,12422880,140,17.6812905,1.1632352232933045,-0.007285649329423905,19.227466583251953
25900,12432480,140,21.74383732999999,1.1628570318222047,-0.008124838024377823,2.4242829859256743
25920,12442080,140,19.013197,1.1638761162757874,0.0007564587518572808,9.68447760939598
25940,12451680,140,20.62215487,1.1647395253181458,-0.007359869033098221,2.5629747092723845
25960,12461280,140,20.938127180000002,1.16605863571167,-0.01550614759325981,15.167798686027528
25980,12470880,140,20.26615825,1.1652110457420348,0.00046625640243291855,12.670287680625915
26000,12480480,140,23.06013618,1.164150643348694,-0.006942004151642323,6.4117368936538695
26020,12490080,140,20.458859989999997,1.1646796107292174,-0.0031826987862586973,19.589822232723236
26040,12499680,140,21.903619140000004,1.1638763666152954,-0.01024220436811447,7.149176228046417
26060,12509280,140,19.093051869999996,1.1635538935661316,0.0035952065140008927,17.96653636097908
26080,12518880,140,17.909045019999997,1.1634377121925354,-0.00514801824465394,48.30133941173553
26100,12528480,140,21.46022506,1.1632768392562867,-0.006556893512606621,11.56903009712696
26120,12538080,140,18.866526229999998,1.1632140755653382,-0.013597608730196952,13.219972324371337
26140,12547680,140,15.730593599999999,1.1625043153762817,-0.012657274305820466,19.12304744720459
26160,12557280,140,17.620439880000003,1.1635563015937804,-0.008863084018230438,14.364536213874818
26180,12566880,140,22.4522797,1.1631912589073181,-0.020417054276913406,0.7771297782659531
26200,12576480,140,22.174561859999994,1.1621969223022461,-0.005370591580867767,12.532133263349532
26220,12586080,140,21.007378019999997,1.1630411267280578,-0.007642526179552078,1.8121482729911804
26240,12595680,140,20.088133620000004,1.1631401419639587,-0.01816599052399397,22.11747510433197
26260,12605280,140,19.01313129,1.1628050923347473,-0.01705185268074274,2.063281261920929
26280,12614880,140,20.31382594,1.1630194783210754,0.004484375566244125,46.77497814893722
26300,12624480,140,19.776715789999997,1.1640655994415283,-0.0026168555021286012,13.219007217884064
26320,12634080,140,19.78890001,1.1638137698173523,-0.006903632543981075,8.945956110954285
26340,12643680,140,19.59571898,1.1633430123329163,-0.004847212880849838,21.501556825637817
26360,12653280,140,20.47604543,1.1621917605400085,-0.0173737837234512,3.210863155126572
26380,12662880,140,20.326787460000002,1.1619429111480712,-0.005170883983373642,20.44086132645607
26400,12672480,140,20.578060899999997,1.1619731664657593,-0.013709575403481722,0.7198534905910492
26420,12682080,140,19.175876759999998,1.1614809870719909,-0.007366649806499481,14.178146994113922
26440,12691680,140,21.168857319999997,1.1616501688957215,-0.014118515700101853,0.770641776919365
26460,12701280,140,22.108411450000002,1.1600949048995972,0.0014285050332546235,55.17256889343262
26480,12710880,140,21.82853479,1.1603281617164611,-0.010227823723107576,0.6960641413927078
26500,12720480,140,22.251331499999996,1.1596672177314757,-0.020731314085423946,0.964307987689972
26520,12730080,140,22.420898460000007,1.1584514498710632,-0.016236012754961848,0.9189822405576706
26540,12739680,140,18.62999648,1.157766044139862,0.0009768709540367126,26.440966796875
26560,12749280,140,14.74110637,1.1577027916908265,-0.00971287116408348,5.383148783445359
26580,12758880,140,19.03552822,1.1579553008079528,-0.0057020183652639386,13.583413475751877
26600,12768480,140,20.070408450000002,1.1584321975708007,-0.006335562467575074,12.406501162052155
26620,12778080,140,19.742997420000005,1.1591547846794128,-0.006356320204213261,23.10077309012413
26640,12787680,140,20.526645870000003,1.158746588230133,-0.012828026339411736,15.349238359928131
26660,12797280,140,21.24447705,1.1583428382873535,-0.011263525485992432,0.9733967751264572
26680,12806880,140,19.889268389999998,1.1565579533576966,-0.00828924886882305,23.88493776321411
26700,12816480,140,19.60136425,1.1562711954116822,-0.009168675541877747,8.445333409309388
26720,12826080,140,19.89436091,1.158354640007019,0.004591082572005689,36.34357652664185
26740,12835680,140,18.021462489999998,1.1589771389961243,-0.009451082348823548,28.436916828155518
26760,12845280,140,22.354391219999997,1.1579922437667847,-0.013954615592956543,1.060891193151474
26780,12854880,140,23.899218070000003,1.1576926112174988,-0.005459509184584021,2.1590960025787354
26800,12864480,140,23.038678619999995,1.157574999332428,-0.001993967033922672,20.688851499557494
26820,12874080,140,20.445150580000004,1.1578232288360595,-0.007348829880356789,42.704482078552246
26840,12883680,140,21.48764951,1.1586796522140503,-0.014155963168013841,20.329719936847688
26860,12893280,140,23.13803133,1.1578987836837769,-0.012523849308490754,9.863241800665856
26880,12902880,140,23.962176210000003,1.1573303461074829,-0.011602241918444634,0.8794521674513817
26900,12912480,140,23.82608223999999,1.1565078020095825,-0.008157912641763687,12.228095364570617
26920,12922080,140,22.964545400000002,1.1566378831863404,-0.017330518830567597,1.0250385373830795
26940,12931680,140,23.50588915,1.1555159449577332,-0.02090243612183258,0.5440057143568993
26960,12941280,140,22.515098979999998,1.1563792824745178,-0.0046275484840862195,18.735372203588486
26980,12950880,140,19.42949255,1.1556559801101685,-0.0039013680070638657,23.57430965304375
27000,12960480,140,19.15853539,1.1556662797927857,0.002319166995584965,23.398667031526564
27020,12970080,140,22.994850810000006,1.1547151923179626,-0.009613007307052612,14.975536835193633
27040,12979680,140,20.922205700000003,1.1553436398506165,-0.006662171334028244,22.86457604765892
27060,12989280,140,23.931410269999997,1.1540181756019592,-0.016441895440220834,17.908549535274506
27080,12998880,140,19.68399111,1.154873216152191,-0.006184077262878418,14.544295462965966
27100,13008480,140,21.8727481,1.1543664336204529,-0.002942519634962082,15.58683533668518
27120,13018080,140,19.37791849,1.1536546230316163,-0.0038867260329425333,7.86765763759613
27140,13027680,140,21.01482515,1.153701114654541,-0.005187961459159851,1.7284165561199187
27160,13037280,140,16.57382665,1.1538134574890138,-0.015222551487386226,17.729938983917236
27180,13046880,140,20.91432365,1.153171217441559,-0.01315928753465414,8.005294770002365
27200,13056480,140,21.45649225,1.151828932762146,-0.007339278621657286,24.113897466659544
27220,13066080,140,22.913409250000004,1.1518864512443543,-0.006574510422069579,15.738149923086166
27240,13075680,140,19.97126428,1.1522926449775697,0.005482451617717743,37.51306419372558
27260,13085280,140,21.370864239999996,1.1519066095352173,-0.008382515981793404,1.2538320899009705
27280,13094880,140,20.175582150000004,1.1519363522529602,-0.006921224296092987,32.106333303451535
27300,13104480,140,24.2640896,1.149751102924347,-0.009508924186229705,1.3802178829908371
27320,13114080,140,20.641804240000003,1.150549590587616,-0.00687330961227417,14.115249902009964
27340,13123680,140,20.46583423,1.1516904354095459,-0.014038476906716824,12.118475365638734
27360,13133280,140,20.12459877,1.1517778515815735,-0.011810683680232614,2.833616077899933
27380,13142880,140,21.108170880000003,1.151446533203125,-0.00611229632049799,11.587314009666443
27400,13152480,140,22.762140910000003,1.1510490775108337,-0.010649594012647867,21.033547735214235
27420,13162080,140,23.984256409999997,1.1495654225349425,-0.009555808827280998,10.736048090457917
27440,13171680,140,20.098225449999997,1.1488670110702515,-0.008479039557278157,15.045244634151459
27460,13181280,140,20.18528542,1.1492039084434509,0.021011131117120385,31.839824676513672
27480,13190880,140,23.558855660000003,1.148244285583496,-0.005115917301736772,31.558515548706055
27500,13200480,140,18.17937437,1.148162031173706,0.00017267130315303802,14.409431648254394
27520,13210080,140,18.12970266,1.1478243708610534,0.010723525285720825,33.01768050193787
27540,13219680,140,19.89759617,1.1474502086639404,0.006055215420201421,39.234537029266356
27560,13229280,140,20.14979912,1.1482189297676086,-0.012856520945206285,2.375884476304054
27580,13238880,140,21.06655157,1.148178720474243,-0.0030904361978173257,7.582708954811096
27600,13248480,140,21.526695090000004,1.1483361840248107,-0.003562762541696429,19.025923550128937
27620,13258080,140,20.1579438,1.1485209226608277,-0.01993725374341011,0.3360567599534988
27640,13267680,140,18.48470566,1.1465338230133058,-0.0058735057711601256,12.427542996406554
27660,13277280,140,22.316742059999996,1.1471000909805298,0.004047621786594391,15.704580760002136
27680,13286880,140,22.082921830000004,1.147380816936493,-0.006185440625995397,14.38660883307457
27700,13296480,140,21.955591169999998,1.1470800280570983,-0.002423304319381714,18.034398338198663
27720,13306080,140,22.238937779999997,1.1464828491210937,-0.0076789908111095425,3.819607436656952
27740,13315680,140,21.678383619999995,1.1456250548362732,-0.013440868724137545,3.6096868246793745
27760,13325280,140,22.9331083,1.144449234008789,-0.002862587571144104,6.284100493788719
27780,13334880,140,19.68498339,1.144088363647461,0.004539636336266995,31.527266305685043
27800,13344480,140,16.759268730000002,1.14337477684021,0.004413194954395294,29.936714363098144
27820,13354080,140,23.140594909999994,1.1435710787773132,-0.008122851699590683,14.341363334655762
27840,13363680,140,20.418125080000003,1.1440231204032898,-0.008068178221583367,5.689931666851043
27860,13373280,140,18.86216529,1.1445715069770812,-0.013248398527503013,25.458710026741027
27880,13382880,140,22.09631698,1.1442402362823487,-0.0024140551686286926,10.498966526985168
27900,13392480,140,23.46584934,1.1434925079345704,-0.010533586796373128,1.5006184995174408
27920,13402080,140,19.025181970000002,1.14190354347229,8.008256554603577e-05,25.123556232452394
27940,13411680,140,22.558108179999994,1.141542875766754,-0.0017017156351357698,2.5490600883960726
27960,13421280,140,19.94970499,1.1406623721122742,-0.010836544632911681,21.932919603586196
27980,13430880,140,16.91262639,1.1398618817329407,-0.000658734142780304,11.1469602227211
28000,13440480,140,21.17357091,1.1397587537765503,0.006381142884492874,16.080691331624983
28020,13450080,140,20.599460209999997,1.1385124802589417,-0.00772736684884876,11.364188814163208
28040,13459680,140,23.4177782,1.1367433667182922,-0.008336248248815537,7.075844475626946
28060,13469280,140,25.174934009999998,1.1344171643257142,-0.004816408827900886,4.805754142999649
28080,13478880,140,22.956901400000003,1.1331549525260924,-0.0013198480475693942,23.93492498397827
28100,13488480,140,20.58858593,1.1336472392082215,0.0010501686483621597,14.411219054460526
28120,13498080,140,23.767391069999995,1.1330959796905518,-0.018488013418391347,0.9320441976189613
28140,13507680,140,21.575019230000002,1.1324995398521422,-0.011495159938931465,5.195105922222138
28160,13517280,140,21.968095509999998,1.1326066970825195,-0.004317992180585861,31.412392616271973
28180,13526880,140,21.73260415,1.1320292115211488,0.008896799758076668,8.88856448829174
28200,13536480,140,19.962470569999997,1.1320027589797974,0.011764618661254644,9.514141660928725
28220,13546080,140,22.590688139999997,1.1309698343276977,0.0011748947203159333,22.562005949020385
28240,13555680,140,22.508184810000003,1.1304180026054382,0.0014495663344860077,13.607879555225372
28260,13565280,140,22.578073749999998,1.1302523612976074,-0.013472916930913926,0.7966582298278808
28280,13574880,140,16.79137836,1.1290513515472411,-0.010835391469299793,8.642410612106323
28300,13584480,140,22.307946119999997,1.1300268769264221,-0.010763096064329148,2.6207128047943113
28320,13594080,140,20.74209484,1.129499077796936,-0.011070591956377029,25.575690108537675
28340,13603680,140,22.304860259999995,1.129100000858307,0.002761907130479813,31.942882812023164
28360,13613280,140,18.43480839,1.1283692955970763,0.01236947886645794,32.80739784240723
28380,13622880,140,22.33769105,1.128721535205841,0.0060776155441999435,31.877515411376955
28400,13632480,140,22.439484389999997,1.1283176064491272,-0.016416298551484944,1.7227903842926025
28420,13642080,140,21.015839100000004,1.127740705013275,-0.009164699912071228,11.640391677618027
28440,13651680,140,22.159269220000002,1.1264758825302124,-0.007389254309237004,12.514528983831406
28460,13661280,140,21.767080079999996,1.1264252185821533,-0.013750556111335754,9.375270384550095
28480,13670880,140,22.69220665,1.1264229774475099,-0.010839334502816201,16.99940299987793
28500,13680480,140,24.367244640000003,1.126447570323944,-0.0040563374757766725,3.834649387001991
28520,13690080,140,23.725770139999998,1.1271905779838562,0.006026099249720573,25.207937026023863
28540,13699680,140,23.06759818,1.1271845936775207,-0.019090520590543746,0.8156661808490753
28560,13709280,140,21.736303,1.1274694561958314,-0.01819048374891281,1.2254786312580108
28580,13718880,140,21.930645879999997,1.12713725566864,-0.012901026476174592,17.902625927329062
28600,13728480,140,21.660150360000003,1.1268635272979737,-0.006549721397459507,1.8933081150054931
28620,13738080,140,21.215206139999996,1.126261305809021,-0.00989578738808632,31.8069429397583
28640,13747680,140,21.682389450000002,1.1251482486724853,-0.0011196903884410857,8.940359127521514
28660,13757280,140,19.3580298,1.1248417377471924,0.00045876530930399895,30.387721633911134
28680,13766880,140,21.549902029999995,1.1250874042510985,-0.003652653098106384,3.3429247379302978
28700,13776480,140,20.177369439999996,1.1248925805091858,-0.009590546996332706,21.245385432243346
28720,13786080,140,20.03648974,1.1247316241264342,0.003263559192419052,6.655415818095207
28740,13795680,140,18.15621187,1.1255236864089966,-0.00449981689453125,11.056430122256279
28760,13805280,140,20.614009940000003,1.1253000020980835,-0.003943483531475067,13.141721200942992
28780,13814880,140,20.789147820000004,1.1246440410614014,0.0006382029503583908,10.15691751241684
28800,13824480,140,17.44310138,1.1244370341300964,-0.010423126863315701,14.534540224075318
28820,13834080,140,17.943336880000004,1.1239491939544677,-0.006969748344272375,13.326649272441864
28840,13843680,140,16.786215149999997,1.1247215390205383,0.013228078559041023,18.877699756622313
28860,13853280,140,18.86117449,1.124771809577942,0.00462728813290596,28.724296665191652
28880,13862880,140,22.08057752,1.1247284770011903,-0.01516774743795395,11.419472563266755
28900,13872480,140,23.562251919999998,1.1228690981864928,0.004162570089101791,29.972453051805495
28920,13882080,140,20.706324790000004,1.122205913066864,-0.017001324472948907,21.744762420654297
28940,13891680,140,23.611583649999996,1.1218870043754579,0.003790995478630066,3.569615113735199
28960,13901280,140,17.84093361,1.1222551226615907,-0.007256690412759781,7.851695775985718
28980,13910880,140,19.005671269999997,1.1222185611724853,0.0035515000112354756,23.33675820827484
29000,13920480,140,17.93943496,1.1228180646896362,-0.0015374615788459778,8.053524792194366
29020,13930080,140,19.40049643,1.1223984718322755,-0.012353128660470248,20.45353157222271
29040,13939680,140,15.750424699999998,1.1231297969818115,-0.002557844016700983,32.31714487075806
29060,13949280,140,14.76981528,1.12360577583313,-0.004651840031147003,11.574566173553468
29080,13958880,140,18.93462378,1.1223614692687989,-0.0018852424807846546,26.48966121673584
29100,13968480,140,16.776392660000003,1.1226466774940491,-0.01406150907278061,9.039853501319886
29120,13978080,140,17.42386195,1.1226589560508728,-0.010383876506239176,15.722015249729157
29140,13987680,140,17.68438148,1.1240851998329162,-0.011455536261200905,3.7655374735593794
29160,13997280,140,18.21795927,1.1241544127464294,-0.00849032923579216,19.019249820709227
29180,14006880,140,16.560378179999997,1.1225785851478576,0.0003903927281498909,25.24005012512207
29200,14016480,140,13.97479994,1.1230036258697509,0.009204082741052843,48.16799030303955
29220,14026080,140,20.507314070000003,1.1236117362976075,-0.012901422660797834,4.119245010614395
29240,14035680,140,20.62658743,1.1223707795143127,-0.01133972369134426,4.520550388097763
29260,14045280,140,20.49843808,1.121069312095642,-0.009211258590221405,16.564532643556596
29280,14054880,140,21.91178328000001,1.1188487648963927,-0.01333882063627243,16.634459775686263
29300,14064480,140,21.838733280000007,1.1170539379119873,-0.01361779049038887,2.3699700474739074
29320,14074080,140,18.90813983,1.117311668395996,-0.004093294404447079,5.437033179402351
29340,14083680,140,19.996683699999995,1.118025016784668,0.0023709408938884734,37.37257709503174
29360,14093280,140,22.51617022,1.118486511707306,-0.010304183326661586,17.988084077835083
29380,14102880,140,18.02259497,1.1189647793769837,0.004653460346162319,19.843405658006667
29400,14112480,140,20.769260099999997,1.1175590753555298,-0.004713285714387894,7.713907873630523
29420,14122080,140,24.52831215,1.1162846565246582,-0.011937737464904785,1.4564367473125457
29440,14131680,140,19.88019616,1.1149404406547547,-0.007285001641139388,4.720626145601273
29460,14141280,140,19.501434240000002,1.1146650910377502,-0.011697540478780865,29.69365463256836
29480,14150880,140,20.42123294,1.1149891853332519,0.0030272066593170165,9.61917200088501
29500,14160480,140,20.819813559999996,1.114509654045105,-0.008639262616634369,3.5068527191877363
29520,14170080,140,15.778212150000002,1.1135569572448731,0.005961425742134452,25.098819160461424
29540,14179680,140,13.118244900000002,1.1142492294311523,-0.009761615842580795,24.657109713554384
29560,14189280,140,18.01819277,1.1138421297073364,-0.006582498177886009,30.013532269001008
29580,14198880,140,21.358961030000003,1.1127230525016785,-0.00876420009881258,12.402683758735657
29600,14208480,140,20.075975939999996,1.1130356431007384,-0.0026742635294795037,49.142041778564455
29620,14218080,140,18.26197046,1.1126219272613525,0.0018983691930770873,41.42681446075439
29640,14227680,140,21.695108049999995,1.1117508172988892,-0.017049424350261688,8.753342318534852
29660,14237280,140,22.119368910000002,1.1109601497650146,-0.01777255507186055,1.0632731914520264
29680,14246880,140,23.605198309999995,1.109117865562439,-0.019477937603369355,4.972430664300918
29700,14256480,140,19.96526299,1.1088243126869202,0.0030773937702178954,19.942105293273926
29720,14266080,140,24.49078681,1.1084866642951965,0.006151155289262533,13.994030719995498
29740,14275680,140,24.592991800000004,1.1088187932968139,-0.015681203827261923,1.498008620738983
29760,14285280,140,24.72780891,1.105638337135315,-0.017842316813766957,0.6164112508296966
29780,14294880,140,24.319669349999998,1.104431414604187,-0.010412166290916503,19.290465131402016
29800,14304480,140,24.1636032,1.103482687473297,-0.023264488205313683,0.5461454212665557
29820,14314080,140,24.85865146,1.1033343434333802,0.0017674997448921203,10.649362006783486
29840,14323680,140,25.22503726,1.103510284423828,-0.008003034815192222,3.2705333918333053
29860,14333280,140,24.89782033,1.1027834057807921,-0.004928958415985107,11.776949897408485
29880,14342880,140,22.31106651,1.1025332450866698,-0.017691196501255037,0.40182689130306243
29900,14352480,140,22.31079999,1.1029472470283508,0.007953227165853605,22.655184936523437
29920,14362080,140,23.753530900000005,1.1031076788902283,-0.012631013779900968,0.8329783737659454
29940,14371680,140,17.916378840000004,1.102374792098999,-0.017445656144991516,0.571500027179718
29960,14381280,140,25.5547757,1.1009389400482177,-0.011541811330243946,1.0623760268092155
29980,14390880,140,22.220944270000004,1.1001714944839478,-0.013218383956700563,0.9402870088815689
30000,14400480,140,22.73252603,1.0995349049568177,-0.018647919222712517,2.3688413977622984
30020,14410080,140,20.96833576,1.0998399138450623,-0.007447178103029728,10.837120461463929
30040,14419680,140,21.39179115,1.0991561532020568,0.0010117650032043456,9.797659718990326
30060,14429280,140,24.096662980000005,1.0978250861167909,-0.022578801680356263,0.6622111916542053
30080,14438880,140,24.330610100000005,1.0965346813201904,-0.004858465492725372,13.624986171722412
30100,14448480,140,23.384985450000002,1.0966328024864196,0.0021087554283440112,13.424817359447479
30120,14458080,140,27.02303886,1.0959046840667725,-0.01869596466422081,0.612056577205658
30140,14467680,140,24.429692649999996,1.0960431694984436,0.017823623865842818,9.492277258634568
30160,14477280,140,22.90007937,1.0952779293060302,-0.013291582465171814,3.2862633794546126
30180,14486880,140,24.731465799999995,1.0950146913528442,-0.009598644077777862,3.8143375337123873
30200,14496480,140,24.984627249999996,1.0935224294662476,-0.012490680813789368,9.713004365563393
30220,14506080,140,24.8979112,1.0935515403747558,-0.016839992627501486,1.2435805022716522
30240,14515680,140,21.73243066,1.0928041100502015,0.00026843114756047726,16.36434313058853
30260,14525280,140,22.865653009999996,1.0932839274406434,-0.0190213268622756,0.35568830370903015
30280,14534880,140,23.711166950000003,1.0937753677368165,-0.002105802297592163,14.912154591083526
30300,14544480,140,22.16826311999999,1.0940018057823182,-0.028272497188299894,0.9618642807006836
30320,14554080,140,20.227234109999998,1.0934300184249879,-0.007147902809083462,17.67135779261589
30340,14563680,140,19.325767199999998,1.0932862639427186,-0.005376169085502624,22.087174010276794
30360,14573280,140,19.30756408,1.093710148334503,-0.0032562240958213806,29.567561149597168
30380,14582880,140,15.36193807,1.0941795468330384,-0.010450508445501328,23.596659564971922
30400,14592480,140,15.229193600000004,1.0941922545433045,0.004613316990435124,27.25901062488556
30420,14602080,140,18.851238509999998,1.0946407198905945,-0.009919684194028378,10.775467598438263
30440,14611680,140,16.32902813,1.095930016040802,-0.017479715030640365,2.2671989679336546
30460,14621280,140,18.40930279,1.0965715765953064,-0.00997760370373726,26.852236843109132
30480,14630880,140,16.1169351,1.0964189648628235,-0.014101799204945564,7.729444456100464
30500,14640480,140,20.25765386,1.0960973381996155,-0.011275099217891693,8.572123432159424
30520,14650080,140,17.70912036,1.095021367073059,-0.0048494160175323485,17.56369547843933
30540,14659680,140,20.69607813,1.09438396692276,0.014093442633748055,25.496302247047424
30560,14669280,140,19.18906587,1.0964423298835755,-0.0036287687718868254,17.888870763778687
30580,14678880,140,19.45700896,1.0966331243515015,0.006141563877463341,20.011842405796052
30600,14688480,140,18.68526056,1.096096134185791,-0.016670462489128113,5.736431699991226
30620,14698080,140,20.71425093,1.0950747013092041,0.009258863283321261,5.544060337543487
30640,14707680,140,23.217522710000004,1.0952370762825012,-0.006086734682321548,4.962783980369568
30660,14717280,140,20.35816703,1.0954686522483825,-0.011111287772655487,1.4389448016881943
30680,14726880,140,18.45101677,1.0954772591590882,0.004751728475093841,14.927673044800759
30700,14736480,140,21.35677643,1.0934474468231201,0.006309985555708409,31.83193168640137
30720,14746080,140,22.642402610000005,1.0933162450790406,-0.020641778176650406,0.6226800918579102
30740,14755680,140,19.529241210000002,1.0934394359588624,-0.005458164215087891,16.665276646614075
30760,14765280,140,16.50138688,1.0935760736465454,-0.008704789169132709,21.276264449954034
30780,14774880,140,18.83908935,1.0926454663276672,-0.013858790323138238,22.405281925201415
30800,14784480,140,20.463810879999997,1.0919401526451111,0.003467421606183052,5.194970321655274
30820,14794080,140,19.040937160000002,1.0928821325302125,-0.0071141917258501055,13.479026985168456
30840,14803680,140,21.0190616,1.0922101855278015,-0.01936955749988556,8.97425473332405
30860,14813280,140,21.23276639,1.092414104938507,-0.016769417375326157,1.1351870059967042
30880,14822880,140,22.503705079999996,1.091909909248352,-0.0024457034654915334,18.092509472370146
30900,14832480,140,20.299357910000005,1.0913120269775392,-0.001555149257183075,7.1475003361701965
30920,14842080,140,24.557472819999997,1.090278649330139,-0.004262107610702515,20.848367404937743
30940,14851680,140,19.554352620000003,1.0904091358184815,-0.009768298640847207,2.1650821030139924
30960,14861280,140,24.393265469999996,1.089140248298645,-0.012377963960170746,6.16530213356018
30980,14870880,140,19.384858469999998,1.0897875070571899,-0.009422570653259753,3.2965077698230743
31000,14880480,140,22.160724289999997,1.0894988894462585,-0.014194720983505249,1.0497124582529067
31020,14890080,140,21.956532060000004,1.0890342473983765,-0.007849656045436859,21.638570445775986
31040,14899680,140,20.199887060000002,1.0878503322601318,-0.012782380729913712,4.047791695594787
31060,14909280,140,16.95201694,1.0882410645484923,-0.0003506797831505537,25.87274523675442
31080,14918880,140,21.774793689999996,1.0874026656150817,-0.011315552471205591,16.109850603342057
31100,14928480,140,21.609842949999994,1.0866645336151124,-0.0085096244700253,4.791751843690872
31120,14938080,140,19.52170717,1.0866410970687865,0.009785275161266326,43.45057624578476
31140,14947680,140,22.966797749999998,1.086785912513733,-0.008746152464300393,23.659705543518065
31160,14957280,140,18.55934867,1.0868214130401612,0.005214971303939819,23.505425548553468
31180,14966880,140,20.16571683,1.0872588515281678,-0.017534490616526455,1.113137137889862
31200,14976480,140,21.79918423,1.0862743973731994,-0.0031231615692377092,5.261888575553894
31220,14986080,140,23.047166039999997,1.0859640479087829,-0.009675963968038558,11.38860106766224
31240,14995680,140,20.820334860000003,1.084660005569458,-0.006346472818404436,14.831378984451295
31260,15005280,140,23.923779829999994,1.083995258808136,-0.0022959649562835694,16.78101017177105
31280,15014880,140,23.320251130000003,1.0830932259559631,-0.010871779918670655,6.728708183765411
31300,15024480,140,22.314296240000004,1.08197420835495,-0.011682229489088059,8.628196269273758
31320,15034080,140,20.41500861,1.0822654247283936,-0.011319111660122871,12.400695550441743
31340,15043680,140,24.98433353,1.0823523283004761,-0.013629927486181258,9.890078315138817
31360,15053280,140,22.857192849999997,1.0822847366333008,-0.007163238525390625,13.097088438272475
31380,15062880,140,22.201168829999997,1.0812101483345031,-0.020341264829039574,0.8709195792675019
31400,15072480,140,22.638919970000003,1.080719232559204,-0.010088890325278044,1.0639729708433152
31420,15082080,140,23.83416624,1.0797473669052124,-0.002732221782207489,12.138416230678558
31440,15091680,140,22.83687169,1.0796477437019347,0.0028856823220849035,23.287757873535156
31460,15101280,140,24.624387379999998,1.0794244289398194,-0.01635392475873232,0.6492356717586517
31480,15110880,140,23.247638450000004,1.078980016708374,-0.01824897062033415,0.3756952092051506
31500,15120480,140,21.56647489,1.0784992098808288,-0.0005249373614788055,16.096738493442537
31520,15130080,140,20.597168210000003,1.0792358279228211,0.0018869150429964066,3.708770740032196
31540,15139680,140,22.298198350000003,1.0785723209381104,-0.017127257504034786,1.6278234750032425
31560,15149280,140,21.525682879999998,1.0779592156410218,-0.008112049102783203,3.3203396618366243
31580,15158880,140,23.8092537,1.077210009098053,0.00034128688275814056,18.603448688983917
31600,15168480,140,24.44091492,1.0769998908042908,-0.009870753437280656,4.960276234149933
31620,15178080,140,25.000955919999992,1.0766510367393494,-0.01331268777139485,21.999351197481154
31640,15187680,140,23.006252829999998,1.0751424789428712,-0.01663640756160021,0.5967113494873046
31660,15197280,140,23.57671022,1.0736710190773011,-0.0268372853519395,0.5831437319517135
31680,15206880,140,22.343281729999998,1.0730742812156677,-0.010010081343352795,10.729343104362489
31700,15216480,140,25.10934017,1.0726553797721863,-0.014724393002688884,0.7023401767015457
31720,15226080,140,24.123286040000004,1.0717902898788452,-0.008238182961940765,1.2290996074676515
31740,15235680,140,22.829253850000004,1.0708531498908997,-0.01491524614393711,7.671816611289978
31760,15245280,140,24.5452814,1.070002257823944,-0.003795003890991211,6.098814600706101
31780,15254880,140,22.273084540000003,1.0683666825294496,-0.01708926195278764,0.38271414339542387
31800,15264480,140,23.57957094,1.0685396671295166,-0.005636115558445454,4.157316970825195
31820,15274080,140,23.011944720000002,1.0674728274345398,-0.010091910138726234,1.596448826789856
31840,15283680,140,22.342034660000003,1.0677173137664795,-0.0019488893449306488,6.14717718064785
31860,15293280,140,22.875299639999998,1.0673419833183289,-0.013566473126411438,0.9440561592578888
31880,15302880,140,24.340965359999995,1.0655684351921082,-0.015719248028472067,0.857147005200386
31900,15312480,140,23.301878069999997,1.0643950581550599,-0.004896972700953484,7.153289180994034
31920,15322080,140,24.357416750000002,1.0625717878341674,-0.014403885789215564,1.1690914928913116
31940,15331680,140,26.621082579999996,1.061975109577179,-0.031981096044182776,0.45888247191905973
31960,15341280,140,21.68260527,1.0612846970558167,-0.012718771398067475,6.909234327077866
31980,15350880,140,23.24418908,1.0597880363464356,-0.017274553515017034,0.7342907577753067
32000,15360480,140,24.6874163,1.059890329837799,-0.013777127861976624,11.499788787961005
32020,15370080,140,23.91825896,1.0603558421134949,-0.010433785617351532,3.041504794359207
32040,15379680,140,23.49647833,1.0602068781852723,-0.008443788439035416,9.637170523405075
32060,15389280,140,24.06918534,1.060048806667328,-0.015323060378432275,2.4805971324443816
32080,15398880,140,21.604272159999997,1.0595099091529847,-0.012684489972889424,6.538269135355949
32100,15408480,140,25.96483917000001,1.059242808818817,-0.005517096817493438,13.309053012728691
32120,15418080,140,24.30649301,1.0571457147598267,-0.00417286604642868,8.665507364273072
32140,15427680,140,22.634230279999997,1.0572480320930482,-0.01262861154973507,1.3841269373893739
32160,15437280,140,23.578293170000006,1.0566368699073792,-0.00983743192628026,3.2277849078178407
32180,15446880,140,23.37139986,1.0560356497764587,-0.0019654899835586546,11.599971038103103
32200,15456480,140,22.784243240000002,1.0557945013046264,-0.01339767426252365,25.568078196048738
32220,15466080,140,22.666535940000003,1.056175661087036,-0.022356674075126648,3.0137273550033568
32240,15475680,140,21.060691539999997,1.0551993727684021,-0.0020165391266345977,17.314270704984665
32260,15485280,140,24.970153,1.0539584040641785,-0.01500626653432846,11.027129843831062
32280,15494880,140,23.18781298,1.053466558456421,-0.01112842010334134,13.626199711859226
32300,15504480,140,18.40631903,1.0521489977836609,-0.011072683520615101,11.748071706295013
32320,15514080,140,17.186318879999998,1.0519343137741088,-0.001750364899635315,13.559788465499878
32340,15523680,140,21.492220529999994,1.0517464399337768,0.008497724495828151,13.159476602077484
32360,15533280,140,19.084283499999998,1.0524470925331115,-0.006769141182303429,23.532575416564942
32380,15542880,140,18.802477489999998,1.0520147323608398,-0.012418912351131439,10.059148156642914
32400,15552480,140,20.663682889999997,1.052657687664032,-0.01099313646554947,10.687816524505616
32420,15562080,140,21.408757700000002,1.0517683506011963,-0.0034292730037122966,12.577154767513274
32440,15571680,140,19.803238180000005,1.0508893489837647,-0.002617243677377701,17.351270830631258
32460,15581280,140,18.98400698,1.0516091465950013,-0.005607582256197929,12.45209114253521
32480,15590880,140,22.097897150000005,1.0509546756744386,-0.01229740190319717,8.99853320121765
32500,15600480,140,20.62763552,1.0501108050346375,-0.0053582251071929935,17.03459895849228
32520,15610080,140,23.89250666,1.0499679803848267,-0.007109780609607696,9.624858230352402
32540,15619680,140,21.843752879999997,1.0493460536003112,-0.006703305733390152,22.27722175717354
32560,15629280,140,19.13104661,1.0481258630752563,0.011283739656209945,6.616428971290588
32580,15638880,140,17.70111701,1.04807288646698,-0.003259105235338211,7.401158356666565
32600,15648480,140,23.225288980000002,1.0475154995918274,-0.014049651881214232,8.50983384847641
32620,15658080,140,23.79261505,1.045988130569458,-0.02016639318317175,0.978493744134903
32640,15667680,140,18.334140010000002,1.0455543875694275,-0.009043152630329131,20.803572249412536
32660,15677280,140,17.493668080000003,1.0467013478279115,-0.005433371663093567,19.89729114770889
32680,15686880,140,20.969242400000002,1.047780728340149,-0.005246804654598236,6.389954236149788
32700,15696480,140,19.293826650000003,1.0473495364189147,-0.007618248835206032,5.211819869279862
32720,15706080,140,20.385217330000003,1.0476772427558898,-0.0025860801339149474,10.419902855157853
32740,15715680,140,22.160300940000003,1.0472878098487854,-0.008142121136188507,21.50601155757904
32760,15725280,140,23.898570839999998,1.0482064366340638,-0.006377292051911354,19.498057675361633
32780,15734880,140,23.34910760999999,1.0494645357131958,-0.001470485081517836,19.74107471704483
32800,15744480,140,20.324598140000003,1.0490244388580323,-0.005956955626606942,4.501101797819137
32820,15754080,140,20.21136147,1.0485703110694886,-0.007684469036757946,15.060575914382934
32840,15763680,140,21.338042469999994,1.0471104979515076,-0.01003248691558838,16.62401385307312
32860,15773280,140,15.682699509999999,1.0474768161773682,-0.006615144852548838,30.564988803863525
32880,15782880,140,18.72764767,1.0478587388992309,-0.010804866254329682,4.455275750160217
32900,15792480,140,17.40970133,1.048462975025177,0.014365606382489205,18.897486925125122
32920,15802080,140,18.575557999999997,1.0488817811012268,-0.0003180747851729393,34.548880386352536
32940,15811680,140,19.189792920000002,1.0489418983459473,-0.00024190060794353484,16.74349977970123
32960,15821280,140,20.375770380000002,1.0490072607994079,0.0033032774925231935,16.401146936416627
32980,15830880,140,16.87134962,1.0491185426712035,-0.005989590287208557,9.728760159015655
33000,15840480,140,21.25354823,1.0496338605880737,0.005361804366111755,28.828488779067992
33020,15850080,140,22.76951864,1.0499310493469238,-0.018939682468771934,6.579886490106583
33040,15859680,140,22.128029350000002,1.049337375164032,-0.017954279854893684,1.0413527369499207
33060,15869280,140,21.442496159999997,1.0492738127708434,-0.0007931672036647797,11.46491805911064
33080,15878880,140,17.94461214,1.0489830255508423,-0.008967297617346048,21.568841075897218
33100,15888480,140,12.885754170000002,1.0491418480873107,-0.009472424909472466,23.281394004821777
33120,15898080,140,16.806921699999997,1.0495461821556091,-0.001653396338224411,23.612257337570192
33140,15907680,140,13.01930793,1.0508371829986571,-0.008533216267824172,21.121139001846313
33160,15917280,140,14.01474975,1.0501677989959717,-0.007873128354549407,21.521815633773805
33180,15926880,140,15.8590053,1.0502634644508362,-0.01330299349501729,2.817089933156967
33200,15936480,140,15.534328949999999,1.0499133944511414,0.0014463763684034348,26.013812851905822
33220,15946080,140,15.949310309999998,1.050140905380249,-0.005351470038294792,18.47030954360962
33240,15955680,140,15.5469525,1.0508720755577088,0.00035317912697792054,37.33426780700684
33260,15965280,140,14.777832090000002,1.0507853507995606,0.004604480415582657,43.98849353790283
33280,15974880,140,6.585321799999999,1.0513508319854736,-0.001866094395518303,26.881111812591552
33300,15984480,140,16.7405482,1.051951038837433,-0.0026377406902611256,15.038246965408325
33320,15994080,140,10.61842725,1.0521250009536742,0.006878517847508192,19.100842237472534
33340,16003680,140,14.305145010000004,1.0522584557533263,0.0030817672610282897,25.105179119110108
33360,16013280,140,12.774862099999998,1.0516667366027832,-0.0015190258622169495,37.591026306152344
33380,16022880,140,15.83007713,1.051291823387146,-0.00972306216135621,4.770606851577758
33400,16032480,140,13.330647,1.0516100764274596,-0.005487860180437565,25.450209617614746
33420,16042080,140,13.901213919999998,1.0517414093017579,0.0006203241646289825,27.542358207702637
33440,16051680,140,15.90749842,1.0516495108604431,-0.0026420071721076966,21.079541397094726
33460,16061280,140,16.277946989999997,1.052316701412201,-0.012206360697746277,17.343733811378478
33480,16070880,140,18.83931325,1.0526096105575562,-0.007443082332611084,10.79003839492798
33500,16080480,140,19.48796721,1.0524903655052185,-0.002088862471282482,28.42633762359619
33520,16090080,140,18.81883307,1.0534785866737366,-0.007250979915261269,22.550051307678224
33540,16099680,140,15.492780989999998,1.0534875512123107,0.0008179835975170135,19.21128323674202
33560,16109280,140,19.990168850000003,1.0529997587203979,0.0006499514915049076,6.1814182758331295
33580,16118880,140,20.60081975,1.0520166635513306,-0.005632077064365149,11.983796429634094
33600,16128480,140,13.229638340000001,1.0517685770988465,0.02654952183365822,41.90163593292236
33620,16138080,140,15.662103769999998,1.0530410766601563,-0.004146823100745678,12.861994218826293
33640,16147680,140,20.410596260000002,1.0526834964752196,-0.0036787837743759155,7.3463728666305546
33660,16157280,140,17.18261108,1.0528150796890259,-0.006044641509652138,17.807761418819428
33680,16166880,140,14.185176030000001,1.0545316338539124,0.018711266480386256,19.872498798370362
33700,16176480,140,13.70159284,1.0545366644859313,-0.0019248624332249165,25.71406307220459
33720,16186080,140,17.268890810000002,1.0537786483764648,-0.01050904436269775,13.334869861602783
33740,16195680,140,9.89047538,1.0534994721412658,-0.0028428127989172935,7.653483641147614
33760,16205280,140,13.76284811,1.0531836867332458,0.0014405174180865288,19.163272881507872
33780,16214880,140,16.268039199999997,1.0525894641876221,-0.003499050438404083,9.414404875040054
33800,16224480,140,16.04494592,1.0517035126686096,-0.01546244826167822,17.40283818244934
33820,16234080,140,14.85138503,1.052631175518036,-0.013897266238927841,22.9181547164917
33840,16243680,140,16.41260376,1.052406919002533,-0.0016793299466371537,19.339998149871825
33860,16253280,140,15.375056279999999,1.051920473575592,-0.015495301550254225,26.125391960144043
33880,16262880,140,14.927708169999999,1.0513558745384217,-0.0070747751742601395,27.224818897247314
33900,16272480,140,12.35639479,1.0509674191474914,0.005687776952981949,39.46826400756836
33920,16282080,140,14.397687170000001,1.050748312473297,0.0075672782026231285,30.849160766601564
33940,16291680,140,12.912458610000003,1.0519776225090027,0.011949005722999572,24.697089624404907
33960,16301280,140,9.75085023,1.0523122668266296,-0.011350031197071075,31.845724487304686
33980,16310880,140,11.017917240000001,1.052786111831665,-0.013006850332021713,12.139780569076539
34000,16320480,140,15.31472029,1.0534751057624816,-0.003072753921151161,21.525900650024415
34020,16330080,140,16.21509578,1.053741455078125,-0.003294392675161362,30.870036554336547
34040,16339680,140,17.93369853,1.0535774111747742,-0.011852781102061272,5.1614239573478695
34060,16349280,140,15.417880279999999,1.0542921662330627,-0.004642392694950104,35.17210350036621
34080,16358880,140,12.125326949999998,1.0551153898239136,-0.00912679536268115,30.077295112609864
34100,16368480,140,9.9384387,1.055571401119232,-0.007644479162991047,43.102609920501706
34120,16378080,140,13.873175759999999,1.0559306025505066,-0.004377005156129599,38.00548763275147
34140,16387680,140,12.50867542,1.0553305268287658,-0.005193999037146568,26.706643772125243
34160,16397280,140,12.788634960000001,1.0550133347511292,-0.004324733989778906,19.52827434539795
34180,16406880,140,9.00924794,1.0540075659751893,0.0013217024505138397,20.133792448043824
34200,16416480,140,9.53897714,1.0542761087417603,-0.005298411101102829,18.050248789787293
34220,16426080,140,10.052734869999998,1.0539676904678346,-0.005099275708198547,17.506554412841798
34240,16435680,140,8.11566849,1.0551936864852904,-0.0063034405931830404,19.11865520477295
34260,16445280,140,13.250386800000001,1.0554046511650086,-0.013960536569356918,30.291110706329345
34280,16454880,140,13.362842189999999,1.055311095714569,0.007905678823590279,40.95173807144165
34300,16464480,140,13.30670841,1.055615246295929,0.006270773336291313,12.097817659378052
34320,16474080,140,16.654993010000002,1.0555060505867004,0.015356612764298916,18.051510047912597
34340,16483680,140,17.351612579999998,1.0552058935165405,-0.007003995031118393,8.338981020450593
34360,16493280,140,14.611433259999997,1.0552294611930848,-0.0029447149485349656,24.656512784957886
34380,16502880,140,13.977043960000001,1.0558247327804566,0.003316589444875717,29.9417631149292
34400,16512480,140,16.537592049999997,1.0557180643081665,-0.008944296091794968,43.653028297424314
34420,16522080,140,15.325829659999997,1.054741096496582,-0.0029060592874884605,16.106790316104888
34440,16531680,140,13.6477509,1.0559751749038697,0.0027046008966863156,26.530291652679445
34460,16541280,140,10.64810075,1.0564995884895325,-0.010220516100525856,13.278229594230652
34480,16550880,140,17.37066415,1.0569913506507873,-0.004640229046344757,24.118922352790833
34500,16560480,140,12.82872533,1.057587707042694,-0.0026446526870131494,28.893573892116546
34520,16570080,140,14.60621996,1.0589824795722962,-0.0024427833035588265,19.83610906600952
34540,16579680,140,17.35092092,1.0588464617729187,-0.003982437402009964,18.229801654815674
34560,16589280,140,17.66374769,1.0590944051742555,0.004651033133268356,17.39075937271118
34580,16598880,140,16.218787659999997,1.060526728630066,-0.006953346217051149,15.721176028251648
34600,16608480,140,16.50688756,1.0608849763870238,-0.0023442640900611877,26.968839359283447
34620,16618080,140,13.46566415,1.0616921186447144,0.007500257901847362,31.48936309814453
34640,16627680,140,18.93631803,1.0623040795326233,0.01015373356640339,14.18342764377594
34660,16637280,140,20.049462079999998,1.0617576003074647,0.0014761041849851609,21.43848557472229
34680,16646880,140,18.87774169,1.0611488819122314,-0.003969952464103699,31.215809369087218
34700,16656480,140,14.036688840000004,1.0614318132400513,0.0028425611555576323,16.56799783706665
34720,16666080,140,18.060405450000005,1.0616078138351441,-0.003584136813879013,10.223903822898865
34740,16675680,140,17.536731040000003,1.0607807040214539,-0.009181694686412811,11.384263956546784
34760,16685280,140,17.371246709999998,1.060852551460266,-0.014620567951351405,6.068933427333832
34780,16694880,140,16.378169370000002,1.060533916950226,-0.008021233696490526,10.753846430778504
34800,16704480,140,20.948663160000002,1.0599247694015503,-0.010349205136299134,1.5265486061573028
34820,16714080,140,18.31919898,1.0601361751556397,-0.01381646478548646,15.14058768749237
34840,16723680,140,18.116249240000005,1.0594062685966492,-0.005339024821296334,15.313120794296264
34860,16733280,140,20.302050859999998,1.0594886183738708,-0.013013803586363792,6.562545359134674
34880,16742880,140,14.76015873,1.059452486038208,-0.018960803374648096,26.12208080291748
34900,16752480,140,17.069932140000002,1.0598846912384032,0.0017161838710308074,18.92559356689453
34920,16762080,140,17.05639761,1.0597985982894897,0.00026553869247436523,4.141254031658173
34940,16771680,140,15.844765700000004,1.0598936319351195,0.004565855441614986,13.408065795898438
34960,16781280,140,15.276649940000002,1.0600355744361878,-0.0034621572121977806,27.691185188293456
34980,16790880,140,17.016659989999997,1.06006418466568,0.01746455952525139,25.419699287414552
35000,16800480,140,14.9443137,1.0598545312881469,0.0010847307741641999,36.774788284301756
35020,16810080,140,14.98038783,1.0593467950820923,-0.0016386348754167557,32.016955208778384
35040,16819680,140,13.853194040000004,1.0598387360572814,-0.004297155374661088,31.908911514282227
35060,16829280,140,15.589394750000002,1.0600224614143372,0.004954822361469269,16.794452953338624
35080,16838880,140,18.126873149999998,1.060334062576294,-0.007876239158213139,16.861162376403808
35100,16848480,140,20.12189985,1.0617051362991332,-0.019348377105779947,10.91777687072754
35120,16858080,140,15.98853405,1.0616454601287841,0.006960855051875115,33.71112461090088
35140,16867680,140,17.036884750000002,1.0604475259780883,-0.005141778662800789,23.048115611076355
35160,16877280,140,20.89199519,1.0592830419540404,-0.0009535379707813263,30.46390390396118
35180,16886880,140,21.93588398,1.0589518308639527,-0.006231791339814663,0.7874189645051957
35200,16896480,140,19.9980777,1.059359645843506,0.007892697304487228,39.19882602691651
35220,16906080,140,19.7864868,1.059889316558838,-0.004935751855373383,6.965961599349976
35240,16915680,140,20.11058423,1.0609651565551759,-0.0063394330441951755,10.72979679107666
35260,16925280,140,20.503155539999998,1.061675786972046,-0.0036668360233306887,14.129396557807922
35280,16934880,140,21.42724825,1.0622641563415527,0.06757856085896492,27.156014156341552
35300,16944480,140,20.93511161,1.0630134224891663,-0.016321565955877304,3.421267193555832
35320,16954080,140,22.511697799999997,1.062565565109253,-0.004725097864866257,7.353648120164872
35340,16963680,140,23.180843529999997,1.063080632686615,-0.00426388829946518,13.029153871536256
35360,16973280,140,22.137500649999993,1.0621490478515625,-0.010369639843702316,26.281264621019364
35380,16982880,140,21.69164935,1.0607245445251465,-0.004398287087678909,7.396288347244263
35400,16992480,140,22.532342940000003,1.0595288395881652,-0.012838710378855468,0.9222262054681778
35420,17002080,140,23.769291250000002,1.0596022605895996,-0.0077029837295413016,15.798119461536407
35440,17011680,140,21.799535900000002,1.0594151139259338,-0.008813805878162384,9.90265041589737
35460,17021280,140,21.13023782,1.0584616661071777,-0.011538003571331501,5.185277038812638
35480,17030880,140,21.98658122,1.056999433040619,-0.012706708267796785,2.3051643073558807
35500,17040480,140,21.988407109999997,1.0567225217819214,-0.02384297512471676,1.0513517647981643
35520,17050080,140,23.305903929999996,1.0571646809577941,-0.00043664602562785146,29.484401273727418
35540,17059680,140,21.811568970000003,1.0580194354057313,-0.008013762533664703,7.701525712013245
35560,17069280,140,21.31247912,1.0578108310699463,-0.004238025844097137,8.133899021148682
35580,17078880,140,20.2140142,1.0571612954139709,-0.013314420729875565,7.888250106573105
35600,17088480,140,20.792901119999996,1.0558639764785767,-0.006937043741345406,26.97566885948181
35620,17098080,140,21.637563790000005,1.0549439311027526,-0.007132841274142265,15.68021839261055
35640,17107680,140,22.89901543,1.055133318901062,-0.01953851506114006,3.1327687442302703
35660,17117280,140,23.973406700000005,1.0538636565208435,-0.008604931831359863,9.827036371827125
35680,17126880,140,23.53097143,1.0530568718910218,-0.015097083058208227,0.9949617922306061
35700,17136480,140,24.18240074,1.052855384349823,-0.006215546512976289,16.03314090371132
35720,17146080,140,25.449921000000003,1.0523337483406068,-0.009690967574715614,11.906323546171189
35740,17155680,140,22.594453200000004,1.0527583003044128,-0.016056564450263978,0.7539413630962372
35760,17165280,140,23.269057270000005,1.0522803902626037,-0.00023405551910400392,5.56056193113327
35780,17174880,140,23.808593079999994,1.050873577594757,-0.00778680071234703,2.639081579446793
35800,17184480,140,23.684686649999993,1.0493805408477783,-0.010791366547346115,4.980111780762672
35820,17194080,140,24.526767099999997,1.049167811870575,-0.005149462819099426,6.621298754215241
35840,17203680,140,20.428680550000003,1.050190842151642,-0.0011722169816493987,17.7615249812603
35860,17213280,140,18.83362071,1.050156795978546,0.003576115146279335,36.66982938051224
35880,17222880,140,20.01870107,1.0500819444656373,-0.009356963634490966,8.132938694953918
35900,17232480,140,22.411017010000005,1.0498254776000977,-0.007769092009402812,18.357563817501067
35920,17242080,140,22.69512699,1.0495544791221618,-0.013266738271340728,28.87572608590126
35940,17251680,140,23.56220261,1.0487924695014954,-0.0019452631473541259,10.129713156819344
35960,17261280,140,24.401461670000003,1.0481541514396668,-0.012538592144846917,1.0853825032711029
35980,17270880,140,21.204089040000003,1.0471294164657592,0.001721702516078949,13.331401845812797
36000,17280480,140,22.145486969999993,1.0472373366355896,-0.013147490471601487,1.4470990478992463
36020,17290080,140,23.096744120000007,1.0449542641639709,-0.006436365842819214,11.492851170897485
36040,17299680,140,23.13414538,1.0428735256195067,-0.006810696423053741,26.76855878829956
36060,17309280,140,21.978079979999993,1.0431090712547302,-0.0034679055912420153,15.025679063796996
36080,17318880,140,21.591528150000002,1.0426060199737548,-0.007886186160612851,8.211205422878265
36100,17328480,140,20.62841108,1.04298095703125,-0.008833435922861099,20.636188125610353
36120,17338080,140,22.64206547,1.041904330253601,-0.009663025848567486,19.801350116729736
36140,17347680,140,21.46934337,1.0411533832550048,-0.00042900294065475466,27.836656427383424
36160,17357280,140,22.322170470000007,1.040161657333374,-0.00445367805659771,10.703676319122314
36180,17366880,140,24.379278420000002,1.0396408200263978,-0.012396469665691256,1.754476922750473
36200,17376480,140,20.492304460000003,1.0395286917686462,-0.00022876113653182983,14.099858069419861
36220,17386080,140,22.313246399999997,1.039411473274231,0.004633717238903046,11.851446044445037
36240,17395680,140,21.85756175,1.039544975757599,-0.011733519658446313,0.6595610767602921
36260,17405280,140,22.20558036,1.038615870475769,-0.019583243317902087,0.9580464541912079
36280,17414880,140,19.94992889,1.0370638370513916,-0.011597962444648146,13.450215017795562
36300,17424480,140,20.5383643,1.038118350505829,-0.01665782481431961,0.778529268503189
36320,17434080,140,18.322155959999996,1.0393558025360108,-0.013259143568575382,8.198536607623101
36340,17443680,140,17.35500829,1.0393967390060426,-0.004317292477935553,6.439524090290069
36360,17453280,140,19.716273519999998,1.039229691028595,0.0006943270564079285,13.080763101577759
36380,17462880,140,21.077899369999997,1.0393225789070129,-0.00895870104432106,26.24064370393753
36400,17472480,140,16.474126650000002,1.0406635522842407,-0.004699936602264643,25.36710681915283
36420,17482080,140,16.04064251,1.040972650051117,-0.007672241469845176,10.334998226165771
36440,17491680,140,18.811578129999997,1.0410263419151307,0.007210764312185347,38.453095245361325
36460,17501280,140,16.29797209,1.041912579536438,-0.004850542181520723,18.71059055328369
36480,17510880,140,18.77197619,1.0413057327270507,-0.0011938102543354034,5.800821995735168
36500,17520480,140,17.21573149,1.0400416254997253,0.0060344796627759935,15.447065234184265
36520,17530080,140,17.32615668,1.039772367477417,-0.015852678939700125,3.2295591652393343
36540,17539680,140,19.64504015,1.0395142912864686,-0.008016633242368698,17.157237309217454
36560,17549280,140,18.2587829,1.0385290503501892,-0.009288569539785385,22.78802099227905
36580,17558880,140,17.86090237,1.037549090385437,0.002239148039370775,16.517978847026825
36600,17568480,140,16.42388367,1.0380494117736816,-0.002028916776180267,10.688561487197877
36620,17578080,140,15.773107260000002,1.0394016981124878,-0.005940422415733337,15.69908863902092
36640,17587680,140,18.25573699,1.038506853580475,-0.00783073753118515,13.587948369979859
36660,17597280,140,17.80511852,1.0380164861679078,-0.010859802551567554,15.274109280109405
36680,17606880,140,21.159708109999997,1.0374212622642518,-0.010410947352647781,9.696545895934104
36700,17616480,140,17.704801309999997,1.0370028853416442,-0.009550736844539642,12.602642464637757
36720,17626080,140,17.092545250000004,1.0369451999664308,-0.0021739549934864043,28.19988269805908
36740,17635680,140,15.67589392,1.0367609024047852,-0.004361179377883673,19.753969144821166
36760,17645280,140,20.33668711,1.0366501688957215,-0.0021744884550571443,36.72576513290405
36780,17654880,140,20.417583869999998,1.0362452268600464,-0.013084441423416138,13.332730507850647
36800,17664480,140,21.57369799,1.036064088344574,-0.01403665468096733,15.227865707874297
36820,17674080,140,19.44974802,1.0361822366714477,-0.003451620787382126,22.902710580825804
36840,17683680,140,23.37227587,1.0367969393730163,-0.014951270539313555,7.090504759550095
36860,17693280,140,18.905030529999998,1.0360177755355835,-0.00553697869181633,16.038547897338866
36880,17702880,140,23.724489289999998,1.035685646533966,-0.017536533623933794,1.6538409531116485
36900,17712480,140,19.752920159999995,1.0366308450698853,-0.0018435221165418625,9.392480790615082
36920,17722080,140,17.52508839,1.0379230856895447,-0.005501455557532608,16.955016243457795
36940,17731680,140,19.69560096,1.0382015228271484,-0.015029557328671218,1.1823771387338637
36960,17741280,140,20.714593639999993,1.0363280415534972,-0.014212356344796718,36.8856477022171
36980,17750880,140,21.430436399999998,1.0357079744338988,-0.007992194592952728,10.46635181903839
37000,17760480,140,22.02801995,1.0341227531433106,-0.007525119185447693,16.333325612545014
37020,17770080,140,22.273711759999998,1.032926857471466,-0.010128922760486603,11.668840795755386
37040,17779680,140,22.43542257,1.032402789592743,-0.011572753638029098,8.262324738502503
37060,17789280,140,23.18598828,1.0312138199806213,-0.017881931364536287,8.28683919608593
37080,17798880,140,23.19297321,1.0310506224632263,-0.0116836148314178,10.263905298709869
37100,17808480,140,22.247834720000004,1.0307879090309142,0.007705707033164799,19.846562844514846
37120,17818080,140,22.569292289999993,1.0315534830093385,-0.007291362993419171,10.505942577123642
37140,17827680,140,21.941055320000004,1.0305330157279968,-0.01101242695003748,2.5120356738567353
37160,17837280,140,23.547239060000006,1.0301939487457275,-0.01689899489283562,1.0016250282526016
37180,17846880,140,23.50413457,1.0296133756637573,-0.012888474762439728,1.550391685962677
37200,17856480,140,22.187582209999995,1.0281514167785644,-0.007256778329610825,17.155265301465988
37220,17866080,140,19.555215070000003,1.0279597401618958,0.008455436676740646,25.130613350868224
37240,17875680,140,17.553502390000002,1.0287967443466186,-0.006606711633503437,15.286218643188477
37260,17885280,140,20.380223979999997,1.03037486076355,-0.010024245828390121,12.123624634742736
37280,17894880,140,18.32057811,1.0294692397117615,0.0007749676704406738,9.137011075019837
37300,17904480,140,19.251601009999998,1.0299118161201477,-0.003006988763809204,24.901334285736084
37320,17914080,140,22.430112590000004,1.0289576172828674,-0.010330959968268872,22.186775505542755
37340,17923680,140,19.228331890000003,1.0290477514266967,-0.004788440465927124,11.316619443893433
37360,17933280,140,21.58515962,1.028620684146881,-0.005352537333965302,8.802748167514801
37380,17942880,140,21.62452495,1.0286640882492066,-0.010584045760333538,2.188842260837555
37400,17952480,140,22.136543550000003,1.0284801959991454,-0.013536984706297517,1.1804654836654662
37420,17962080,140,22.900563020000003,1.0292644262313844,-0.019587136432528497,0.9737774789333343
37440,17971680,140,22.526669890000004,1.0292384266853332,-0.012125340849161148,13.867842280864716
37460,17981280,140,23.26610327,1.0288164377212525,-0.00985460625961423,16.371371895074844
37480,17990880,140,22.258617190000006,1.029417836666107,-0.01617329493165016,9.06243509054184
37500,18000480,140,26.453902740000004,1.0283732891082764,-0.011194600909948348,6.074778699874878
37520,18010080,140,23.95575024,1.026821744441986,-0.01704804999753833,22.01032736301422
37540,18019680,140,20.69707591,1.0276271462440492,-0.021807393431663512,0.613168254494667
37560,18029280,140,20.063502109999998,1.0273241639137267,-0.00837298184633255,10.486212211847306
37580,18038880,140,23.14160975,1.0271852731704711,0.005203109234571457,11.023280954360962
37600,18048480,140,22.286236000000002,1.0266896843910218,0.005279753357172012,7.784721106290817
37620,18058080,140,19.79837641,1.0271127820014954,-0.01677321125753224,0.974306058883667
37640,18067680,140,19.792212349999996,1.0272857189178466,0.001954502798616886,3.6028733432292936
37660,18077280,140,21.492521690000004,1.0266744256019593,-0.0208920132368803,1.422682249546051
37680,18086880,140,19.30445889,1.0266186118125915,-0.0036387160420417787,16.58485091328621
37700,18096480,140,21.6802727,1.026459777355194,-0.012190425395965576,13.928251481056213
37720,18106080,140,18.912021059999997,1.026867151260376,-0.009399856999516487,17.06575870513916
37740,18115680,140,24.43137262,1.0268914461135865,-0.019631304033100604,0.38630678653717043
37760,18125280,140,20.52857595,1.0249880790710448,0.006094291806221008,16.665525966882704
37780,18134880,140,22.273440130000008,1.0252647042274474,-0.01903285977896303,0.8733598351478576
37800,18144480,140,20.581171480000002,1.0235830307006837,-0.015201888768933714,2.7327421844005584
37820,18154080,140,18.99109593,1.0229101657867432,-0.007407814741600305,20.7382390499115
37840,18163680,140,22.975783160000006,1.0225125312805177,-0.004625216126441956,13.695487646758556
37860,18173280,140,18.882570060000003,1.0214680433273315,0.002338501065969467,14.355965340137482
37880,18182880,140,21.201167480000002,1.0215571165084838,-0.005874887108802795,8.228926944732667
37900,18192480,140,21.565238909999998,1.020434057712555,-0.02106800600886345,9.851383066177368
37920,18202080,140,23.194802459999995,1.0190409660339355,-0.005919405072927475,12.711576867103577
37940,18211680,140,22.833747830000004,1.0188072085380555,-0.020482040010392666,2.1514072090387346
37960,18221280,140,22.367085200000002,1.019183099269867,-0.015535138547420502,7.412409606575966
37980,18230880,140,23.84752876,1.0175192952156067,-0.0048553083091974255,8.224400782585144
38000,18240480,140,24.487513279999995,1.0169692516326905,0.0009781792759895325,8.491192591190337
38020,18250080,140,22.780587280000006,1.0153641819953918,-0.02015797053463757,1.3439861804246902
38040,18259680,140,23.47272356,1.0153039216995239,-0.014717844035476445,3.5126773536205294
38060,18269280,140,22.345554759999995,1.0150903820991517,-0.011339878290891647,21.770951840281487
38080,18278880,140,20.40881297,1.0155893325805665,0.00098506691865623,19.129703426361083
38100,18288480,140,21.776556090000003,1.0147873878479003,-0.01560991108417511,9.46777639389038
38120,18298080,140,22.455162540000007,1.0148672938346863,-0.026484938780777158,0.6401566356420517
38140,18307680,140,23.228412129999995,1.0158624053001404,-0.01860552839934826,1.8021926432847977
38160,18317280,140,23.13317983,1.0139599919319153,-0.010862118750810622,6.971765518188477
38180,18326880,140,23.287450370000002,1.014367401599884,-0.020380947971716523,0.6811799824237823
38200,18336480,140,21.697376499999997,1.0138083100318909,-0.007101231534034014,12.92477207183838
38220,18346080,140,21.85041878000001,1.0139377474784852,-0.013731575093697757,9.555701434612274
38240,18355680,140,24.076731040000006,1.013425087928772,-0.016946927551180123,0.3071002095937729
38260,18365280,140,22.63186851,1.0127306222915649,-0.0022395987063646315,4.821404880285263
38280,18374880,140,24.12482223,1.0117842316627503,-0.012057896982878447,1.1762752264738083
38300,18384480,140,24.29425958,1.010109579563141,-0.009217510744929314,7.867021778225899
38320,18394080,140,23.201815369999995,1.0088313817977905,0.0038836687803268433,16.570925092697145
38340,18403680,140,20.564124989999996,1.009765625,-0.0011336632072925568,12.619792938232422
38360,18413280,140,22.649968209999997,1.0105616688728332,-0.010100929904729128,23.032419419288637
38380,18422880,140,21.735622910000004,1.0109738826751709,-0.006417693197727203,11.731335830688476
38400,18432480,140,23.554241159999997,1.0100833654403687,0.00022024204954504967,17.795791268348694
38420,18442080,140,23.327177740000003,1.0093148231506348,-0.014294427633285523,13.500622075796127
38440,18451680,140,23.83988073,1.0094356060028076,-0.003365345299243927,9.085495448112487
38460,18461280,140,23.207327609999997,1.0088823080062865,-0.00263788434676826,18.728258848190308
38480,18470880,140,24.6102058,1.0076414585113525,-0.013053073734045028,13.849257016181946
38500,18480480,140,24.664262439999998,1.0074471831321716,-0.010948566580191254,4.465448480844498
38520,18490080,140,21.851702369999998,1.007181715965271,-0.012889249343425035,13.882184290885926
38540,18499680,140,22.483257770000005,1.0061732172966003,-0.018295672722160816,0.8098621100187302
38560,18509280,140,21.759633020000006,1.0056686282157898,-0.006178216729313135,2.3309692084789275
38580,18518880,140,17.80196377,1.0051276326179504,-0.006570901349186897,35.425643348693846
38600,18528480,140,24.777820110000008,1.0042118906974793,-0.018278524551715237,11.037715446949004
38620,18538080,140,22.324173289999994,1.0025305509567262,-0.017617665231227875,22.52787876725197
38640,18547680,140,20.46917809,1.0031170129776001,0.000348697230219841,28.95632348060608
38660,18557280,140,22.52882725,1.0021586179733277,-0.0041668698191642765,16.325541576743127
38680,18566880,140,19.53355532,1.0018830060958863,0.0004175633192062378,26.180911684036253
38700,18576480,140,22.66240997,1.000297725200653,0.0003071645274758339,21.01753247976303
38720,18586080,140,21.756527260000002,1.0005515456199645,-0.012576454877853393,20.571347028017044
38740,18595680,140,23.573293610000004,0.9994748353958129,-0.00450424556620419,1.652938425540924
38760,18605280,140,21.58738462000001,1.0004534482955934,-0.00014575365930795668,16.450757299363612
38780,18614880,140,20.848520099999995,1.0003364443778993,-0.0037405576556921007,27.95507269501686
38800,18624480,140,21.653162629999997,1.0003625988960265,-0.01912366822361946,1.5049136340618134
38820,18634080,140,21.61329933,1.000327455997467,-0.024634661199525,0.5119036614894867
38840,18643680,140,23.136208760000002,0.9994885921478271,-0.007637426257133484,8.101346784830094
38860,18653280,140,22.73349646,0.9985550940036774,-0.017988427262753248,1.4210502207279205
38880,18662880,140,20.677485700000002,0.9977613687515259,-0.0037098199129104613,9.97178756892681
38900,18672480,140,22.71569427,0.9974478542804718,-0.011935999430716038,4.541708126664162
38920,18682080,140,20.73810103,0.9970298647880554,-0.001320984959602356,20.402127504348755
38940,18691680,140,24.562842340000007,0.9969964444637298,-0.011521945241838694,24.92591314315796
38960,18701280,140,20.481688509999998,0.9969136416912079,0.0011192351579666139,12.295845663547516
38980,18710880,140,26.14343855,0.9964368164539337,0.0010397840291261674,7.123240995407104
39000,18720480,140,21.181964960000006,0.9959941387176514,-0.006033872626721859,19.07862021923065
39020,18730080,140,19.69156438,0.9958194673061371,-0.018602788075804712,11.548021328449249
39040,18739680,140,21.53627353,0.9958642899990082,-0.0010772686451673507,13.875939273834229
39060,18749280,140,19.91218826,0.9955325305461884,-0.010835783183574676,8.80989367365837
39080,18758880,140,20.36046151,0.9958526313304901,0.00033900984562933444,31.41858353614807
39100,18768480,140,22.462110049999996,0.9968903481960296,-0.007439840584993362,16.175574511289597
39120,18778080,140,24.382940349999995,0.9960526287555694,-0.005301448702812195,18.68634045124054
39140,18787680,140,22.178625580000002,0.995715218782425,-0.006721653789281845,15.74418090581894
39160,18797280,140,20.29014786,0.9949203252792358,-0.015915599744766952,29.621079134941102
39180,18806880,140,18.801525859999998,0.9954840540885925,-0.004709283879492432,10.439266538619995
39200,18816480,140,22.33605238,0.9940691113471984,-0.003805682063102722,9.074837723374367
39220,18826080,140,23.23943016,0.9937212944030762,-0.016480031609535217,9.701471501588822
39240,18835680,140,20.930994570000003,0.9933052122592926,-0.00933975651860237,5.89027361869812
39260,18845280,140,19.546124309999996,0.9943852961063385,0.0043744280934333805,26.741112375259398
39280,18854880,140,21.36416245,0.9932679951190948,-0.010871499218046666,2.951221740245819
39300,18864480,140,19.77144665,0.9932077884674072,-0.01551341414451599,1.7562826454639435
39320,18874080,140,19.32697293,0.993644380569458,-0.012210338562726974,21.633627557754515
39340,18883680,140,20.97597828,0.9938865602016449,-0.00474228709936142,6.0664552509784695
39360,18893280,140,18.9985952,0.9937829613685608,-0.006561545841395855,2.332364907860756
39380,18902880,140,20.91563024,0.9940869688987732,-0.012861377000808716,14.547167134284972
39400,18912480,140,20.94723437,0.9929102599620819,-0.01083897235803306,15.642028403282165
39420,18922080,140,21.619076349999997,0.9928016483783721,-0.01770268618129194,7.152959126234054
39440,18931680,140,21.926776940000003,0.992343670129776,-0.0001232534646987915,18.5910085439682
39460,18941280,140,20.42314243,0.9933268785476684,-0.005075965612195432,22.450454515218734
39480,18950880,140,19.17104781,0.9932250857353211,-0.000248003751039505,17.78600058555603
39500,18960480,140,16.847267210000002,0.993826150894165,-0.012764015231732628,17.160283660888673
39520,18970080,140,19.421623959999998,0.9938599050045014,-0.011772599816322327,9.108186301589011
39540,18979680,140,21.7407855,0.9922668099403381,0.0036667555570602415,40.98888111114502
39560,18989280,140,24.50769048,0.9925211429595947,-0.014203235687455162,1.1750691652297973
39580,18998880,140,20.68269862,0.9914104580879212,0.0005821468929752882,8.639639449119567
39600,19008480,140,23.024817029999998,0.9911144971847534,-0.011794611811637878,10.520224392414093
39620,19018080,140,24.618739749999996,0.9906733155250549,-0.010042499750852585,1.2455465614795684
39640,19027680,140,22.42005226,0.9910295724868774,-0.016333370003849268,0.6534390449523926
39660,19037280,140,24.0584402,0.9913908839225769,-0.02474368577823043,0.9059780448675155
39680,19046880,140,23.269121400000003,0.9901002585887909,-0.009633174538612366,26.051719188690186
39700,19056480,140,24.581828400000003,0.9881745398044586,-0.014998691901564599,0.8609964370727539
39720,19066080,140,20.726564950000007,0.9882121324539185,0.009104620944708586,33.333487796783444
39740,19075680,140,25.21510064,0.9878626346588135,-0.01713273525238037,3.837017449736595
39760,19085280,140,20.684103729999997,0.9873829126358032,-0.01923212893307209,2.0825715243816374
39780,19094880,140,21.79000548,0.9861861526966095,-0.006157578434795141,5.597641849517823
39800,19104480,140,20.704226470000002,0.9863518118858338,-0.0203431679867208,1.6175148457288742
39820,19114080,140,19.18831501,0.9865735352039338,-0.007658889470621944,6.313456869125366
39840,19123680,140,18.385188300000003,0.9858562052249908,-0.017624950781464577,11.505338990688324
39860,19133280,140,18.63120457,0.9863275766372681,0.017531579174101353,22.14148392677307
39880,19142880,140,15.811808590000004,0.9870194375514985,-0.004644401371479034,15.073216474056244
39900,19152480,140,18.38591664,0.9865006506443024,0.016834238171577455,37.83761131763458
39920,19162080,140,18.1190836,0.9861798226833344,-0.020127394795417787,6.782482928037643
39940,19171680,140,21.05931414,0.9859973013401031,-0.0007935300469398499,12.014917683601379
39960,19181280,140,19.846410220000003,0.9868423521518708,-0.023898571124300362,1.9343975961208344
39980,19190880,140,19.214802369999997,0.9874517560005188,-0.005360133945941925,3.012448799610138
40000,19200480,140,22.737499919999994,0.9866073369979859,-0.013756231311708689,4.6453836292028425
40020,19210080,140,22.18056396,0.9858654320240021,-0.014014918729662896,10.918921995162965
40040,19219680,140,20.43561044,0.9859239399433136,-0.008975280821323395,9.263765263557435
40060,19229280,140,22.139553709999994,0.9859786450862884,-0.01099048051983118,4.670617732405662
40080,19238880,140,19.742232009999995,0.9850214719772339,-0.02002155054360628,0.8837517380714417
40100,19248480,140,21.87586129,0.9841164231300354,-0.003468567319214344,19.907370686531067
40120,19258080,140,20.19308641,0.9842135488986969,-0.031158608198165894,1.0756955921649933
40140,19267680,140,21.060612919999997,0.9843213737010956,0.007268587127327919,23.842267513275146
40160,19277280,140,21.771373780000005,0.983232581615448,-0.011558790784329176,1.3122315883636475
40180,19286880,140,20.023307490000004,0.9818749368190766,-0.009024358727037907,10.773211389780045
40200,19296480,140,18.35458663,0.9808088719844819,-0.0002959571778774261,26.4872833609581
40220,19306080,140,23.00704342,0.9814160466194153,0.016984759271144866,42.55620526075363
40240,19315680,140,17.19304115,0.9814009726047516,-0.018466591462492944,6.115347748994827
40260,19325280,140,20.01407126,0.982578593492508,-0.0019772663712501527,11.917840051651002
40280,19334880,140,21.13611328,0.9810863733291626,-0.011480770772323012,7.617635715007782
40300,19344480,140,23.306590349999997,0.9822310507297516,-0.01160389492288232,19.56165365576744
40320,19354080,140,24.658862260000006,0.9809355497360229,-0.010414694622159004,4.908434319496155
40340,19363680,140,19.85541096,0.9803601324558258,-0.0016746476292610168,15.007641389966011
40360,19373280,140,19.93598469,0.9806809365749359,-0.008434261381626128,9.36066642999649
40380,19382880,140,20.392035610000004,0.9808885097503662,0.009100590739399195,32.262853908538816
40400,19392480,140,21.702448240000002,0.9801819086074829,-0.0038853918202221395,15.109309977293014
40420,19402080,140,21.01785966,0.9785649180412292,-0.005339641496539116,20.90167173743248
40440,19411680,140,21.880851600000007,0.9776439130306244,-0.021131607331335546,1.276987573504448
40460,19421280,140,18.396865629999997,0.9757093131542206,0.00906783975660801,34.208873176574706
40480,19430880,140,21.39649872,0.9745160639286041,-0.01296218829229474,18.268679749965667
40500,19440480,140,22.68473674,0.9747027814388275,0.00834536850452423,14.839501601457595
40520,19450080,140,23.82226566,0.9737184882164002,-0.020272753294557334,0.924721822142601
40540,19459680,140,24.29274047,0.9726673603057862,-0.014780234638601541,1.0750941574573516
40560,19469280,140,22.0860395,0.9713084518909454,-0.0032904364168643953,15.546658074855804
40580,19478880,140,20.581992200000006,0.9708424091339112,-0.00302775464951992,16.963731002807616
40600,19488480,140,24.5793339,0.9703009188175201,-0.008846860006451606,27.709162521362305
40620,19498080,140,19.580683559999997,0.9694769442081451,-0.015597718092612923,5.146645110845566
40640,19507680,140,19.429387069999997,0.9689269065856934,0.011232677102088928,10.982579511404037
40660,19517280,140,21.58401105,0.9687046647071839,0.0024753885343670847,22.39629907608032
40680,19526880,140,21.390768910000002,0.9683470964431763,-0.009257773403078318,26.76958645582199
40700,19536480,140,25.484722769999994,0.9669791519641876,-0.011893384158611298,11.0399806112051
40720,19546080,140,22.50985459,0.9668645799160004,0.0004639452323317528,43.355346298217775
40740,19555680,140,19.742309059999997,0.9669666290283203,-0.001179496943950653,8.77449003458023
40760,19565280,140,24.91059442,0.9672770142555237,-0.015486582368612289,13.444362795352935
40780,19574880,140,21.502424129999998,0.9653566420078278,-0.0014284536242485046,10.417977353930473
40800,19584480,140,23.50519802000001,0.9639075398445129,-0.026426830887794496,0.3771686598658562
40820,19594080,140,21.489152110000006,0.9627953112125397,-0.014163810759782791,6.0865827023983
40840,19603680,140,23.106966670000002,0.9621841549873352,-0.021206839196383952,0.5693554699420929
40860,19613280,140,21.35028452,0.9614739000797272,0.0026865605264902114,24.245830094814302
40880,19622880,140,20.696641600000003,0.9607169985771179,-0.014964756183326244,3.479980456829071
40900,19632480,140,23.52629257,0.9593757450580597,-0.013782968837767839,0.6576525300741196
40920,19642080,140,21.200127069999997,0.958180284500122,-0.014315810799598695,40.21867065429687
40940,19651680,140,17.225105470000003,0.9584892451763153,-0.017746297270059587,24.375180661678314
40960,19661280,140,14.00496071,0.9584348738193512,-0.008826312702149152,24.898629236221314
40980,19670880,140,15.324962130000001,0.9581182360649109,-0.007190408371388912,25.7463171005249
41000,19680480,140,11.06249482,0.9576397240161896,-0.005034954845905304,18.675440788269043
41020,19690080,140,16.458659039999997,0.958037942647934,-0.007300522178411484,13.4546482026577
41040,19699680,140,17.76409007,0.9584483325481414,-0.011502370238304138,9.766611075401306
41060,19709280,140,16.82750345,0.9577939808368683,-0.010214554890990258,47.07240552902222
41080,19718880,140,16.057425350000003,0.9582824647426605,0.0023581914603710173,18.179388809204102
41100,19728480,140,19.21531079,0.9584960520267487,-0.006700069084763527,25.714539575576783
41120,19738080,140,14.850136599999999,0.9591308295726776,0.005379550065845251,33.15594673156738
41140,19747680,140,19.529996139999998,0.9604048788547516,-0.012703978829085827,16.442433178424835
41160,19757280,140,20.243905249999997,0.9602322399616241,-0.008653738722205161,7.920734393596649
41180,19766880,140,16.41151524,0.9601688742637634,0.002562349755316973,17.37938222885132
41200,19776480,140,14.840979890000002,0.9606767654418945,-0.008646294847130776,29.660851001739502
41220,19786080,140,17.31143252,0.9599813282489776,-0.01110999397933483,36.42003574371338
41240,19795680,140,17.33335248,0.9600778818130493,-0.01229238319210708,18.00604190826416
41260,19805280,140,19.95892174,0.9598107278347016,-0.009651334583759308,15.81021807193756
41280,19814880,140,16.763955680000002,0.9593554198741913,0.005577832460403442,45.557929611206056
41300,19824480,140,15.177265060000002,0.9591502606868744,-0.004415571445133537,23.794894218444824
41320,19834080,140,14.503330009999999,0.9584294080734252,-0.01580338259227574,16.97116551399231
41340,19843680,140,18.3634712,0.9579899251461029,-0.0013428566977381705,25.28508596420288
41360,19853280,140,21.20466626,0.957021951675415,-0.0006001867353916168,16.65300283432007
41380,19862880,140,16.43992076,0.9582194209098815,-0.006986624118871987,16.205943036079407
41400,19872480,140,21.541544240000007,0.9578520059585571,-0.015168872475624085,10.978612646460533
41420,19882080,140,20.464038940000002,0.9566594958305359,-0.014172118123678957,2.1673524379730225
41440,19891680,140,17.340605110000002,0.9569368004798889,-0.008595623448491097,30.589044046401977
41460,19901280,140,15.10061102,0.9566219925880433,0.0025018196552991866,15.980907821655274
41480,19910880,140,17.19572501,0.9567891538143158,-0.007175527885556221,9.287294173240662
41500,19920480,140,17.42593689,0.9569443166255951,-0.012977828830480575,10.6622976064682
41520,19930080,140,17.08606293,0.9583256423473359,-0.003801650553941727,9.274504411220551
41540,19939680,140,15.8291658,0.9587217092514038,6.83017075061798e-05,11.983598637580872
41560,19949280,140,19.355603340000002,0.9592852711677551,0.006828823685646057,50.410987854003906
41580,19958880,140,23.727399939999994,0.9584915161132812,-0.016668911650776864,1.7997308611869811
41600,19968480,140,21.003556170000003,0.9585440814495086,-0.008668076526373625,5.016208380460739
41620,19978080,140,20.152863319999998,0.9583117187023162,-0.00015660673379898072,12.821973943710328
41640,19987680,140,17.22244675,0.9583799183368683,-0.011296078655868768,36.00372447967529
41660,19997280,140,22.35974396,0.9565609097480774,-0.01279209777712822,3.9227522134780886
